s_Sample	h_popUID	h_SampCnt	h_SampFrac	s_ReadCntTotUsed	s_COI	c_clusterID	c_AveragedFrac	c_ReadCnt	c_RepCnt
2017-10-04-3079	pfama1.012	22	1.0	20486(95.8%)	1	0	1.0	20486	2
2017-10-04-3096	pfama1.006	34	0.4146340303391334	70337(98.5%)	3	0	0.829525486020604	22668	2
2017-10-04-3096	pfama1.009	28	0.3414634030339133	70337(98.5%)	3	1	0.12912743641472488	3540	2
2017-10-04-3096	pfama1.015	20	0.2439025666269533	70337(98.5%)	3	2	0.04134707756467115	1155	2
2017-10-04-3313	pfama1.003	40	1.0	24645(97%)	1	0	1.0	24645	2
2017-10-04-3315	pfama1.006	34	0.5151514972451823	38549(85.6%)	2	0	0.6786782462281499	9385	2
2017-10-04-3315	pfama1.008	32	0.48484850275481767	38549(85.6%)	2	1	0.3213217537718501	4268	2
2017-10-09-3001	pfama1.003	40	1.0	93965(91.4%)	1	0	1.0	93965	2
2017-10-09-3163	pfama1.001	53	0.38686001934058123	104185(95.6%)	3	0	0.5951482975741488	62030	2
2017-10-09-3163	pfama1.000	64	0.4671544607596003	104185(95.6%)	3	1	0.34814717407358703	36207	2
2017-10-09-3163	pfama1.015	20	0.14598551989981842	104185(95.6%)	3	2	0.05670452835226417	5948	2
2017-10-09-3164	pfama1.000	64	0.7441864050830495	52493(97.4%)	2	0	0.8932640000000001	46953	2
2017-10-09-3164	pfama1.013	22	0.2558135949169506	52493(97.4%)	2	1	0.106736	5540	2
2017-10-10-3284	pfama1.012	22	0.39285729209177817	40673(80.3%)	2	0	0.733024	29830	2
2017-10-10-3284	pfama1.006	34	0.6071427079082219	40673(80.3%)	2	1	0.26697600000000005	10843	2
2017-10-10-3285	pfama1.006	34	0.31481494855970793	70394(97.4%)	3	0	0.6909070984745878	45168	2
2017-10-10-3285	pfama1.002	50	0.4629626286007302	70394(97.4%)	3	1	0.279350669118418	18277	2
2017-10-10-3285	pfama1.011	24	0.2222224228395619	70394(97.4%)	3	2	0.02974223240699416	1947	2
2017-10-10-3523	pfama1.004	38	1.0	56906(94.9%)	1	0	1.0	56906	2
2017-10-11-3236	pfama1.013	22	1.0	71121(89.4%)	1	0	1.0	71121	2
2017-10-16-3540	pfama1.006	34	1.0	60029(98.3%)	1	0	1.0	60029	2
2017-10-16-3541	pfama1.011	24	1.0	42587(92.7%)	1	0	1.0	42587	2
2017-10-16-3542	pfama1.002	50	0.29761849489843295	48118(97.7%)	4	0	0.8290444480472273	38004	2
2017-10-16-3542	pfama1.006	34	0.20238080867359257	48118(97.7%)	4	1	0.15211183044694557	6804	2
2017-10-16-3542	pfama1.000	64	0.38095306632594317	48118(97.7%)	4	2	0.010185406228514075	495	2
2017-10-16-3542	pfama1.014	20	0.11904763010203136	48118(97.7%)	4	3	0.00865831527731299	418	2
2017-10-16-3546	pfama1.010	27	1.0	45837(96.7%)	1	0	1.0	45837	2
2017-10-16-3547	pfama1.007	33	1.0	29111(80.2%)	1	0	1.0	28914	2
2017-10-16-3549	pfama1.010	27	1.0	46591(91.9%)	1	0	1.0	46591	2
2017-10-17-3575	pfama1.000	64	1.0	14129(84.8%)	1	0	1.0	11213	1
2017-10-17-3577	pfama1.000	64	1.0	43734(94.3%)	1	0	1.0	43734	2
2017-10-17-3578	pfama1.009	28	0.20143884690233504	36851(77.2%)	5	0	0.5120614191061736	11874	2
2017-10-17-3578	pfama1.013	22	0.15827343983228323	36851(77.2%)	5	1	0.2676819278479502	6761	2
2017-10-17-3578	pfama1.005	34	0.24460425397238686	36851(77.2%)	5	2	0.09876547027598027	2140	2
2017-10-17-3578	pfama1.007	33	0.23741001946071155	36851(77.2%)	5	3	0.08305352679927096	1970	2
2017-10-17-3578	pfama1.012	22	0.15827343983228323	36851(77.2%)	5	4	0.03843765597062511	1053	2
2017-10-17-3580	pfama1.006	34	0.5074626778792619	54369(94.3%)	2	0	0.9866243946497578	53618	2
2017-10-17-3580	pfama1.007	33	0.4925373221207382	54369(94.3%)	2	1	0.01337560535024214	751	2
2017-10-17-3595	pfama1.001	53	1.0	11716(81.5%)	1	0	1.0	10308	1
2017-10-17-3602	pfama1.005	34	0.2595416642973951	57590(97.4%)	3	0	0.7291865912287543	6883	2
2017-10-17-3602	pfama1.000	64	0.48855024101073574	57590(97.4%)	3	1	0.1811706213895004	1521	2
2017-10-17-3602	pfama1.007	33	0.25190809469186914	57590(97.4%)	3	2	0.08964278738174525	664	2
2017-10-17-3604	pfama1.014	20	0.2500001218749437	41548(67.5%)	3	0	0.4420064294221233	23462	2
2017-10-17-3604	pfama1.007	33	0.41249988421880357	41548(67.5%)	3	1	0.41933611444842017	9349	2
2017-10-17-3604	pfama1.010	27	0.3374999939062528	41548(67.5%)	3	2	0.13865745612945649	1893	2
2017-10-17-3612	pfama1.009	28	0.15642462847601085	145498(95.7%)	4	0	0.9431327359228339	137167	2
2017-10-17-3612	pfama1.001	53	0.29608840928818686	145498(95.7%)	4	1	0.02633489262623006	3879	2
2017-10-17-3612	pfama1.000	64	0.3575428172028767	145498(95.7%)	4	2	0.02400859327759388	3508	2
2017-10-17-3612	pfama1.005	34	0.18994414503292556	145498(95.7%)	4	3	0.006523778173342111	944	2
2017-10-17-3614	pfama1.001	53	1.0	39558(86.4%)	1	0	1.0	37963	2
2017-10-17-3615	pfama1.005	34	1.0	52094(96%)	1	0	1.0	52094	2
2017-10-17-3616	pfama1.001	53	1.0	45899(95.5%)	1	0	1.0	45899	2
2017-10-17-3617	pfama1.007	33	1.0	59227(95.4%)	1	0	1.0	59227	2
2017-10-18-3627	pfama1.006	34	1.0	10977(83.4%)	1	0	1.0	10616	1
2017-10-18-3630	pfama1.008	32	1.0	54680(96.3%)	1	0	1.0	54680	2
2017-10-18-3642	pfama1.001	53	1.0	70052(92.2%)	1	0	1.0	70052	3
2017-10-23-3122	pfama1.002	50	1.0	26834(84%)	1	0	1.0	26834	2
2017-10-23-3154	pfama1.000	64	1.0	124119(98.4%)	1	0	1.0	124119	2
2017-10-23-3190	pfama1.002	50	1.0	44041(93.1%)	1	0	1.0	44041	2
2017-10-23-3649	pfama1.000	64	1.0	350(84.7%)	1	0	1.0	350	2
2017-10-23-3659	pfama1.012	22	1.0	63168(75.6%)	1	0	1.0	29106	2
2017-10-23-3665	pfama1.001	53	1.0	71529(94.1%)	1	0	1.0	71529	2
2017-10-24-3673	pfama1.010	27	0.442623024187026	34716(75.1%)	2	0	0.6871659999999999	23422	2
2017-10-24-3673	pfama1.005	34	0.5573769758129739	34716(75.1%)	2	1	0.312834	11294	2
2017-10-24-3677	pfama1.001	53	0.7260265702741385	36293(85%)	2	0	0.83418836680332	22562	2
2017-10-24-3677	pfama1.014	20	0.27397342972586153	36293(85%)	2	1	0.16581163319668007	4484	2
2017-10-24-3684	pfama1.014	20	1.0	25054(89.2%)	1	0	1.0	25054	3
2017-10-25-3708	pfama1.005	34	1.0	125585(98.4%)	1	0	1.0	125585	2
2017-10-25-3709	pfama1.015	20	1.0	20229(98.9%)	1	0	1.0	20229	2
2017-10-25-3714	pfama1.004	38	0.6129030837669461	30255(97.7%)	2	0	0.9899313959725584	29927	2
2017-10-25-3714	pfama1.011	24	0.38709691623305387	30255(97.7%)	2	1	0.010068604027441613	328	2
2017-10-25-3718	pfama1.009	28	1.0	92908(91.5%)	1	0	1.0	92908	2
2017-10-25-3719	pfama1.005	34	1.0	89326(98%)	1	0	1.0	77938	2
2017-10-25-3720	pfama1.006	34	0.40476218112259704	112486(97.9%)	2	0	0.8470331256248723	51605	2
2017-10-25-3720	pfama1.002	50	0.595237818877403	112486(97.9%)	2	1	0.15296687437512782	9369	2
2017-10-25-3728	pfama1.004	38	1.0	50928(89.9%)	1	0	1.0	50928	4
2017-10-30-3746	pfama1.009	28	0.34567982670484504	70041(89.5%)	2	0	0.8262120000000001	57854	2
2017-10-30-3746	pfama1.001	53	0.654320173295155	70041(89.5%)	2	1	0.173788	12187	2
2017-10-30-3747	pfama1.002	50	1.0	51636(90.7%)	1	0	1.0	51636	2
2017-10-30-3761	pfama1.007	33	1.0	193315(98.7%)	1	0	1.0	193315	2
2017-10-30-3762	pfama1.008	32	1.0	15123(81.7%)	1	0	1.0	14228	1
2017-10-30-3766	pfama1.003	40	1.0	39266(94.7%)	1	0	1.0	39266	2
2017-10-30-3773	pfama1.003	40	0.5555552546294917	146600(81.7%)	2	0	0.723303	106351	2
2017-10-30-3773	pfama1.008	32	0.44444474537050827	146600(81.7%)	2	1	0.27669699999999997	40249	2
2017-10-30-3777	pfama1.007	33	1.0	39214(85%)	1	0	1.0	39214	2
2017-10-31-3786	pfama1.003	40	0.20618544266123245	29499(98.3%)	5	0	0.6836282050884616	20173	2
2017-10-31-3786	pfama1.002	50	0.2577318033265405	29499(98.3%)	5	1	0.16967305090191528	4991	2
2017-10-31-3786	pfama1.008	32	0.16494855515999357	29499(98.3%)	5	2	0.07859992357997707	2317	2
2017-10-31-3786	pfama1.004	38	0.19587637155917842	29499(98.3%)	5	3	0.04357101307130392	1295	2
2017-10-31-3786	pfama1.005	34	0.17525782729305517	29499(98.3%)	5	4	0.02452780735834221	723	2
2017-10-31-3787	pfama1.003	40	1.0	75820(89.4%)	1	0	1.0	75820	2
2017-10-31-3805	pfama1.002	50	1.0	37907(96.7%)	1	0	1.0	37907	2
2017-10-31-3816	pfama1.000	64	1.0	13100(98%)	1	0	1.0	13100	2
2017-10-31-3818	pfama1.010	27	1.0	45025(98.6%)	1	0	1.0	45025	2
2017-11-01-3079	pfama1.012	22	1.0	59388(96.3%)	1	0	1.0	59388	2
2017-11-01-3096	pfama1.006	34	0.32692296153851924	9069(98.8%)	4	0	0.8666792634432788	4609	1
2017-11-01-3096	pfama1.015	20	0.1923077788461106	9069(98.8%)	4	1	0.05283944191732035	281	1
2017-11-01-3096	pfama1.009	28	0.2692307403846298	9069(98.8%)	4	2	0.049830710918642676	265	1
2017-11-01-3096	pfama1.013	22	0.2115385192307404	9069(98.8%)	4	3	0.030650583720758115	163	1
2017-11-01-3313	pfama1.003	40	1.0	10334(93.8%)	1	0	1.0	10334	2
2017-11-01-3773	pfama1.008	32	0.44444474537050827	128842(80.3%)	2	0	0.504687	65042	2
2017-11-01-3773	pfama1.003	40	0.5555552546294917	128842(80.3%)	2	1	0.495313	63800	2
2017-11-06-3001	pfama1.003	40	1.0	18724(84.8%)	1	0	1.0	18724	2
2017-11-06-3055	pfama1.003	40	1.0	29(85.3%)	1	0	1.0	29	1
2017-11-06-3163	pfama1.001	53	1.0	77350(98.3%)	1	0	1.0	77350	2
2017-11-06-3164	pfama1.013	22	0.2558135949169506	83274(99.4%)	2	0	0.9514122854236856	78996	2
2017-11-06-3164	pfama1.000	64	0.7441864050830495	83274(99.4%)	2	1	0.04858771457631437	4278	2
2017-11-07-3284	pfama1.006	34	1.0	35375(97%)	1	0	1.0	32305	2
2017-11-07-3285	pfama1.011	24	0.4137932193816485	29(96.7%)	2	0	0.62069	18	1
2017-11-07-3285	pfama1.006	34	0.5862067806183515	29(96.7%)	2	1	0.37931	11	1
2017-11-07-3523	pfama1.004	38	1.0	30387(97.3%)	1	0	1.0	30387	2
2017-11-07-3527	pfama1.001	53	1.0	657(83.7%)	1	0	1.0	657	4
2017-11-08-3336	pfama1.005	34	1.0	18775(96%)	1	0	1.0	18775	4
2017-11-13-3541	pfama1.011	24	1.0	66959(93.8%)	1	0	1.0	66959	2
2017-11-13-3542	pfama1.000	64	1.0	94(83.2%)	1	0	1.0	54	2
2017-11-13-3547	pfama1.007	33	1.0	31579(95%)	1	0	1.0	31579	2
2017-11-13-3602	pfama1.000	64	0.34782699007556034	5055(96.2%)	4	0	0.66911290945367	1745	2
2017-11-13-3602	pfama1.007	33	0.17934784797376993	5055(96.2%)	4	1	0.24942109685576924	680	2
2017-11-13-3602	pfama1.001	53	0.2880425371278918	5055(96.2%)	4	2	0.04271454187024809	112	2
2017-11-13-3602	pfama1.005	34	0.18478262482277785	5055(96.2%)	4	3	0.038751451820312775	103	2
2017-11-13-3604	pfama1.013	22	0.22222244107748754	4366(52.8%)	3	0	0.512869	1864	2
2017-11-13-3604	pfama1.010	27	0.2727274517906716	4366(52.8%)	3	1	0.34066700000000005	1806	2
2017-11-13-3604	pfama1.002	50	0.505050107131841	4366(52.8%)	3	2	0.14646400000000004	696	2
2017-11-13-3719	pfama1.005	34	1.0	44534(99.2%)	1	0	1.0	2140	2
2017-11-14-3578	pfama1.012	22	0.17054268018746596	4084(95%)	5	0	0.4301411622382508	860	2
2017-11-14-3578	pfama1.009	28	0.21705423778620392	4084(95%)	5	1	0.402940485841045	792	2
2017-11-14-3578	pfama1.013	22	0.17054268018746596	4084(95%)	5	2	0.10292945041067565	205	2
2017-11-14-3578	pfama1.011	24	0.1860465327203786	4084(95%)	5	3	0.04056516338659933	80	2
2017-11-14-3578	pfama1.007	33	0.2558138691184856	4084(95%)	5	4	0.023423738123429214	48	2
2017-11-14-3580	pfama1.007	33	1.0	68325(90.9%)	1	0	1.0	68325	2
2017-11-14-3612	pfama1.009	28	0.30434734688185017	35002(68.3%)	2	0	0.5403479999999999	18924	2
2017-11-14-3612	pfama1.000	64	0.6956526531181498	35002(68.3%)	2	1	0.45965200000000006	16078	2
2017-11-14-3614	pfama1.001	53	1.0	1273(93.4%)	1	0	1.0	1273	2
2017-11-14-3615	pfama1.005	34	1.0	1621(94.9%)	1	0	1.0	1621	2
2017-11-14-3616	pfama1.001	53	1.0	20759(99.2%)	1	0	1.0	20759	2
2017-11-14-3617	pfama1.007	33	1.0	4649(97.1%)	1	0	1.0	4649	2
2017-11-15-3627	pfama1.006	34	1.0	49822(93%)	1	0	1.0	49822	2
2017-11-15-3630	pfama1.008	32	1.0	15786(99.1%)	1	0	1.0	15786	2
2017-11-15-3642	pfama1.001	53	1.0	20003(95.1%)	1	0	1.0	20003	2
2017-11-17-3779	pfama1.009	28	1.0	201966(99%)	1	0	1.0	201966	2
2017-11-20-3154	pfama1.000	64	1.0	98726(98.1%)	1	0	1.0	98726	2
2017-11-20-3190	pfama1.002	50	1.0	43552(97.5%)	1	0	1.0	43552	2
2017-11-20-3205	pfama1.000	64	1.0	15690(66.5%)	1	0	1.0	3687	2
2017-11-20-3649	pfama1.000	64	1.0	32218(69.1%)	1	0	1.0	32218	2
2017-11-20-3661	pfama1.007	33	1.0	377873(78.2%)	1	0	1.0	377873	3
2017-11-20-3665	pfama1.001	53	1.0	122188(98.4%)	1	0	1.0	122188	2
2017-11-21-3672	pfama1.003	40	1.0	39262(96.6%)	1	0	1.0	1658	2
2017-11-21-3673	pfama1.005	34	1.0	48343(94.2%)	1	0	1.0	48343	2
2017-11-21-3677	pfama1.014	20	0.4255320384788682	163(90.6%)	2	0	0.630683918246097	89	2
2017-11-21-3677	pfama1.010	27	0.5744679615211317	163(90.6%)	2	1	0.369316081753903	54	2
2017-11-22-3708	pfama1.005	34	1.0	152795(98.7%)	1	0	1.0	152795	2
2017-11-22-3709	pfama1.015	20	1.0	70296(95.7%)	1	0	1.0	70296	2
2017-11-22-3714	pfama1.011	24	0.38709691623305387	10434(97.2%)	2	0	0.8354950000000001	8957	2
2017-11-22-3714	pfama1.004	38	0.6129030837669461	10434(97.2%)	2	1	0.16450499999999998	1477	2
2017-11-22-3720	pfama1.002	50	1.0	41802(91.7%)	1	0	1.0	28706	2
2017-11-22-3728	pfama1.004	38	1.0	48475(92.9%)	1	0	1.0	48475	2
2017-11-27-3746	pfama1.001	53	0.654320173295155	28580(95.2%)	2	0	0.711447	20407	2
2017-11-27-3746	pfama1.009	28	0.34567982670484504	28580(95.2%)	2	1	0.288553	8173	2
2017-11-27-3747	pfama1.002	50	1.0	8600(97.7%)	1	0	1.0	8600	2
2017-11-27-3761	pfama1.007	33	1.0	7545(98.5%)	1	0	1.0	7545	2
2017-11-27-3766	pfama1.000	64	0.615385480768149	46873(87.6%)	2	0	0.542683	24854	2
2017-11-27-3766	pfama1.003	40	0.384614519231851	46873(87.6%)	2	1	0.45731700000000003	22019	2
2017-11-27-3773	pfama1.015	20	1.0	42730(91.7%)	1	0	1.0	42730	2
2017-11-27-3777	pfama1.007	33	0.5999998581818774	36167(79%)	2	0	0.7698224669008156	16785	2
2017-11-27-3777	pfama1.012	22	0.40000014181812255	36167(79%)	2	1	0.23017753309918437	5958	2
2017-11-27-3779	pfama1.009	28	1.0	80097(80.9%)	1	0	1.0	80097	3
2017-11-28-3783	pfama1.003	40	1.0	32887(89.4%)	1	0	1.0	32887	2
2017-11-28-3786	pfama1.005	34	0.33333346078434367	20820(87.9%)	3	0	0.5341043204625923	11297	2
2017-11-28-3786	pfama1.009	28	0.2745099763552885	20820(87.9%)	3	1	0.42688025612815367	8758	2
2017-11-28-3786	pfama1.003	40	0.39215656286036776	20820(87.9%)	3	2	0.03901542340925404	765	2
2017-11-28-3787	pfama1.003	40	1.0	99119(94.4%)	1	0	1.0	99119	2
2017-11-28-3805	pfama1.002	50	1.0	1411(97.6%)	1	0	1.0	1411	2
2017-11-28-3816	pfama1.000	64	1.0	2359(95.2%)	1	0	1.0	2359	2
2017-11-28-3818	pfama1.010	27	1.0	50822(96.9%)	1	0	1.0	50822	2
2017-11-29-3079	pfama1.012	22	1.0	46524(92.1%)	1	0	1.0	46524	2
2017-11-29-3096	pfama1.006	34	0.4146340303391334	52372(90.6%)	3	0	0.9200269290556976	23444	2
2017-11-29-3096	pfama1.015	20	0.2439025666269533	52372(90.6%)	3	1	0.046569739538373095	1218	2
2017-11-29-3096	pfama1.009	28	0.3414634030339133	52372(90.6%)	3	2	0.033403331405929305	867	2
2017-11-29-3315	pfama1.015	20	1.0	2398(92.7%)	1	0	1.0	557	2
2017-12-04-3001	pfama1.003	40	1.0	35571(91.4%)	1	0	1.0	35247	2
2017-12-04-3055	pfama1.003	40	1.0	67927(91.5%)	1	0	1.0	67927	2
2017-12-04-3164	pfama1.013	22	0.2558135949169506	52943(95.6%)	2	0	0.5016	26418	2
2017-12-04-3164	pfama1.000	64	0.7441864050830495	52943(95.6%)	2	1	0.4984	26525	2
2017-12-05-3285	pfama1.001	53	0.47747659118458274	597(89.6%)	3	0	0.7007002793806627	402	2
2017-12-05-3285	pfama1.006	34	0.3063067652794126	597(89.6%)	3	1	0.14993289642027208	83	2
2017-12-05-3285	pfama1.011	24	0.2162166435360048	597(89.6%)	3	2	0.14936682419906525	87	2
2017-12-05-3523	pfama1.004	38	1.0	8(100%)	1	0	1.0	8	1
2017-12-05-3527	pfama1.001	53	1.0	49041(94.3%)	1	0	1.0	49041	2
2017-12-06-3336	pfama1.005	34	1.0	8135(95.7%)	1	0	1.0	7736	1
2017-12-11-3540	pfama1.010	27	1.0	47949(77.2%)	1	0	1.0	47949	2
2017-12-11-3542	pfama1.006	34	0.2297295694851609	26315(96.7%)	3	0	0.9688656103896219	22791	2
2017-12-11-3542	pfama1.002	50	0.3378372146645146	26315(96.7%)	3	1	0.01733021689580932	456	2
2017-12-11-3542	pfama1.000	64	0.43243321585032446	26315(96.7%)	3	2	0.013804172714568784	360	2
2017-12-11-3546	pfama1.010	27	0.49090910380164754	37416(74.8%)	2	0	0.8319340000000001	32438	2
2017-12-11-3546	pfama1.009	28	0.5090908961983526	37416(74.8%)	2	1	0.16806600000000002	4978	2
2017-12-12-3575	pfama1.001	53	0.7260265702741385	107(93%)	2	0	0.6372553030565286	65	1
2017-12-12-3575	pfama1.015	20	0.27397342972586153	107(93%)	2	1	0.3627446969434715	37	1
2017-12-12-3577	pfama1.000	64	1.0	7308(94.7%)	1	0	1.0	7308	2
2017-12-12-3578	pfama1.009	28	0.1573032796996214	8532(94.9%)	5	0	0.36931381129398266	1138	2
2017-12-12-3578	pfama1.000	64	0.3595511674025171	8532(94.9%)	5	1	0.25619175312531345	811	2
2017-12-12-3578	pfama1.012	22	0.12359548099989769	8532(94.9%)	5	2	0.18782703349845037	581	2
2017-12-12-3578	pfama1.003	40	0.22471865799815827	8532(94.9%)	5	3	0.10241905764603745	318	2
2017-12-12-3578	pfama1.011	24	0.13483141389980557	8532(94.9%)	5	4	0.0842483444362161	262	2
2017-12-12-3580	pfama1.007	33	1.0	24404(96.8%)	1	0	1.0	24404	2
2017-12-12-3602	pfama1.000	64	1.0	24(70.6%)	1	0	1.0	11	2
2017-12-12-3604	pfama1.000	64	0.15686316868513978	67518(94.6%)	11	0	0.18402724955542643	8575	2
2017-12-12-3604	pfama1.006	34	0.08333334926470656	67518(94.6%)	11	1	0.1511138502826071	7078	2
2017-12-12-3604	pfama1.004	38	0.09313726146193799	67518(94.6%)	11	2	0.12809816404718946	5996	2
2017-12-12-3604	pfama1.013	22	0.05392161267301232	67518(94.6%)	11	3	0.1228831918166963	5738	2
2017-12-12-3604	pfama1.009	28	0.06862748096885944	67518(94.6%)	11	4	0.1184337717885851	5537	2
2017-12-12-3604	pfama1.003	40	0.09803912197231421	67518(94.6%)	11	5	0.08286817260421098	3862	2
2017-12-12-3604	pfama1.002	50	0.12254890246539273	67518(94.6%)	11	6	0.0739418830446007	3444	2
2017-12-12-3604	pfama1.001	53	0.12990154984859775	67518(94.6%)	11	7	0.052593248491252506	2448	2
2017-12-12-3604	pfama1.015	20	0.04901965657439661	67518(94.6%)	11	8	0.05039801057557132	2379	2
2017-12-12-3604	pfama1.008	32	0.07843139316609087	67518(94.6%)	11	9	0.021033832090809897	981	2
2017-12-12-3604	pfama1.010	27	0.06617650291955159	67518(94.6%)	11	10	0.014608625703050408	678	2
2017-12-12-3614	pfama1.001	53	1.0	335(95.7%)	1	0	1.0	335	2
2017-12-12-3617	pfama1.007	33	1.0	18579(97.5%)	1	0	1.0	18579	1
2017-12-13-3630	pfama1.008	32	1.0	9868(97.2%)	1	0	1.0	9868	2
2017-12-13-3637	pfama1.004	38	1.0	17749(94%)	1	0	1.0	17417	1
2017-12-13-3642	pfama1.001	53	1.0	28887(87.5%)	1	0	1.0	28887	3
2017-12-18-3122	pfama1.002	50	1.0	23(65.7%)	1	0	1.0	23	2
2017-12-18-3148	pfama1.002	50	1.0	20625(96.5%)	1	0	1.0	20625	2
2017-12-18-3154	pfama1.000	64	1.0	82961(99.3%)	1	0	1.0	82961	2
2017-12-18-3190	pfama1.002	50	1.0	732(92.9%)	1	0	1.0	732	2
2017-12-18-3205	pfama1.000	64	1.0	13433(96.3%)	1	0	1.0	151	2
2017-12-18-3649	pfama1.001	53	1.0	18694(93.5%)	1	0	1.0	18000	1
2017-12-18-3659	pfama1.012	22	1.0	463(92%)	1	0	1.0	208	1
2017-12-18-3665	pfama1.001	53	1.0	211(87.2%)	1	0	1.0	211	2
2017-12-18-3824	pfama1.000	64	1.0	26487(82.5%)	1	0	1.0	26271	2
2017-12-19-3672	pfama1.012	22	1.0	13603(97.5%)	1	0	1.0	12992	2
2017-12-19-3673	pfama1.010	27	0.442623024187026	4286(95.2%)	2	0	0.675942	2848	2
2017-12-19-3673	pfama1.005	34	0.5573769758129739	4286(95.2%)	2	1	0.324058	1438	2
2017-12-19-3677	pfama1.001	53	0.529999036698661	2754(95.9%)	3	0	0.6791881473994247	723	2
2017-12-19-3677	pfama1.010	27	0.2700004953006885	2754(95.9%)	3	1	0.2489449499479077	265	2
2017-12-19-3677	pfama1.014	20	0.20000046800065055	2754(95.9%)	3	2	0.0718669026526677	76	2
2017-12-19-3681	pfama1.005	34	1.0	18991(95%)	1	0	1.0	18201	1
2017-12-20-3708	pfama1.005	34	1.0	120180(98.3%)	1	0	1.0	120180	2
2017-12-20-3709	pfama1.015	20	1.0	25904(97.9%)	1	0	1.0	25904	2
2017-12-20-3714	pfama1.004	38	0.6129030837669461	46713(92.7%)	2	0	0.8429530000000001	39390	2
2017-12-20-3714	pfama1.011	24	0.38709691623305387	46713(92.7%)	2	1	0.157047	7323	2
2017-12-20-3720	pfama1.002	50	1.0	40308(92.8%)	1	0	1.0	40308	2
2017-12-20-3728	pfama1.004	38	1.0	43449(93.8%)	1	0	1.0	43449	2
2017-12-27-3747	pfama1.002	50	1.0	80(94.1%)	1	0	1.0	80	2
2017-12-27-3762	pfama1.008	32	1.0	221(90.2%)	1	0	1.0	221	2
2017-12-27-3766	pfama1.003	40	1.0	66(94.3%)	1	0	1.0	66	1
2017-12-27-3777	pfama1.012	22	0.2933333957332984	27289(86.5%)	3	0	0.6409668548776993	14610	2
2017-12-27-3777	pfama1.007	33	0.43999983360009315	27289(86.5%)	3	1	0.23195460183631547	6719	2
2017-12-27-3777	pfama1.014	20	0.26666677066660843	27289(86.5%)	3	2	0.12707854328598525	3314	2
2017-12-28-3785	pfama1.000	64	1.0	63299(93.6%)	1	0	1.0	57976	2
2017-12-28-3786	pfama1.005	34	0.220779306291132	24461(96.9%)	4	0	0.8038737588378724	19643	2
2017-12-28-3786	pfama1.008	32	0.20779230317087802	24461(96.9%)	4	1	0.12154996353501095	2975	2
2017-12-28-3786	pfama1.004	38	0.24675331253163998	24461(96.9%)	4	2	0.04457658662702401	1108	2
2017-12-28-3786	pfama1.002	50	0.3246750780063498	24461(96.9%)	4	3	0.029999691000092702	735	2
2017-12-28-3787	pfama1.003	40	1.0	50023(94%)	1	0	1.0	50023	2
2017-12-28-3816	pfama1.000	64	1.0	12898(96.4%)	1	0	1.0	12898	2
2017-12-28-3818	pfama1.010	27	1.0	29320(95.4%)	1	0	1.0	29320	2
2017-12-29-3095	pfama1.007	33	1.0	576(95.8%)	1	0	1.0	576	2
2017-12-29-3096	pfama1.009	28	0.4516129640998802	3990(97.8%)	2	0	0.9471043552161234	2077	1
2017-12-29-3096	pfama1.006	34	0.5483870359001197	3990(97.8%)	2	1	0.05289564478387669	116	1
2018-01-03-3164	pfama1.000	64	0.7441864050830495	37668(98.5%)	2	0	0.8452280000000001	31923	2
2018-01-03-3164	pfama1.013	22	0.2558135949169506	37668(98.5%)	2	1	0.154772	5745	2
2018-01-04-3285	pfama1.011	24	0.2162166435360048	84046(95.9%)	3	0	0.7570128486502622	53173	2
2018-01-04-3285	pfama1.001	53	0.47747659118458274	84046(95.9%)	3	1	0.23412004231016217	16814	2
2018-01-04-3285	pfama1.006	34	0.3063067652794126	84046(95.9%)	3	2	0.008867109039575593	657	2
2018-01-04-3523	pfama1.004	38	1.0	45796(92.8%)	1	0	1.0	45796	2
2018-01-04-3527	pfama1.001	53	1.0	76742(90.4%)	1	0	1.0	76742	2
2018-01-08-3540	pfama1.010	27	1.0	12923(84.6%)	1	0	1.0	11081	1
2018-01-08-3541	pfama1.011	24	1.0	26098(81.3%)	1	0	1.0	25890	2
2018-01-08-3542	pfama1.006	34	0.36956517131381217	38245(87.3%)	3	0	0.5178485261005794	2798	2
2018-01-08-3542	pfama1.004	38	0.4130433768903867	38245(87.3%)	3	1	0.40636706139887224	2180	2
2018-01-08-3542	pfama1.014	20	0.2173914517958012	38245(87.3%)	3	2	0.07578441250054832	403	2
2018-01-08-3546	pfama1.010	27	0.49090910380164754	68982(71.8%)	2	0	0.703321	48488	2
2018-01-08-3546	pfama1.009	28	0.5090908961983526	68982(71.8%)	2	1	0.29667899999999997	20494	2
2018-01-09-3575	pfama1.000	64	1.0	18741(83.9%)	1	0	1.0	17958	1
2018-01-09-3578	pfama1.012	22	0.22916688671879126	58703(80.1%)	3	0	0.5330672459851932	15322	2
2018-01-09-3578	pfama1.003	40	0.4166663281249366	58703(80.1%)	3	1	0.29482959935702	7725	2
2018-01-09-3578	pfama1.005	34	0.3541667851562722	58703(80.1%)	3	2	0.17210315465778675	4504	2
2018-01-09-3602	pfama1.000	64	0.3478269900755604	28885(79.6%)	4	0	0.5597260873977769	7831	2
2018-01-09-3602	pfama1.005	34	0.18478262482277785	28885(79.6%)	4	1	0.25167696687730023	3092	2
2018-01-09-3602	pfama1.001	53	0.2880425371278918	28885(79.6%)	4	2	0.10509462483908702	1366	2
2018-01-09-3602	pfama1.007	33	0.17934784797376996	28885(79.6%)	4	3	0.08350232088583594	1362	2
2018-01-09-3604	pfama1.013	22	0.12021866424795645	91091(91.8%)	6	0	0.46923943056945994	19980	2
2018-01-09-3604	pfama1.010	27	0.1475410395055056	91091(91.8%)	6	1	0.2628620181169239	10878	2
2018-01-09-3604	pfama1.004	38	0.20765026507211376	91091(91.8%)	6	2	0.17986142443410338	7536	2
2018-01-09-3604	pfama1.003	40	0.21857900206039335	91091(91.8%)	6	3	0.0371741337600425	1551	2
2018-01-09-3604	pfama1.008	32	0.17486341476305478	91091(91.8%)	6	4	0.0344225358055764	1475	2
2018-01-09-3604	pfama1.011	24	0.1311476143509761	91091(91.8%)	6	5	0.016440457313893923	677	2
2018-01-09-3614	pfama1.001	53	1.0	48374(92.8%)	1	0	1.0	48374	2
2018-01-09-3615	pfama1.005	34	1.0	22409(92.3%)	1	0	1.0	21833	1
2018-01-09-3616	pfama1.001	53	1.0	57664(94.4%)	1	0	1.0	57664	2
2018-01-10-3630	pfama1.008	32	1.0	57132(97.3%)	1	0	1.0	57132	2
2018-01-10-3635	pfama1.007	33	1.0	38494(91.5%)	1	0	1.0	38227	2
2018-01-15-3122	pfama1.002	50	1.0	29603(62.7%)	1	0	1.0	29603	2
2018-01-15-3148	pfama1.002	50	1.0	10356(84.8%)	1	0	1.0	9982	1
2018-01-15-3154	pfama1.000	64	1.0	46524(93.7%)	1	0	1.0	46524	2
2018-01-15-3190	pfama1.002	50	1.0	44785(96%)	1	0	1.0	44785	2
2018-01-15-3658	pfama1.002	50	1.0	42701(91.6%)	1	0	1.0	42701	2
2018-01-15-3659	pfama1.012	22	1.0	43490(91.1%)	1	0	1.0	43490	2
2018-01-15-3665	pfama1.001	53	1.0	43399(91.2%)	1	0	1.0	43399	2
2018-01-15-3825	pfama1.000	64	1.0	42567(91.3%)	1	0	1.0	42567	2
2018-01-16-3672	pfama1.012	22	1.0	36485(77.9%)	1	0	1.0	36485	2
2018-01-16-3677	pfama1.010	27	0.18000030680038656	19360(62.2%)	4	0	0.6295076356378337	7861	2
2018-01-16-3677	pfama1.002	50	0.3333334200001092	19360(62.2%)	4	1	0.2298976775393812	2956	2
2018-01-16-3677	pfama1.001	53	0.35333264519913293	19360(62.2%)	4	2	0.07653682778345389	626	2
2018-01-16-3677	pfama1.014	20	0.1333336280003713	19360(62.2%)	4	3	0.0640578590393312	707	2
2018-01-17-3205	pfama1.000	64	1.0	38256(83.9%)	1	0	1.0	1306	2
2018-01-17-3709	pfama1.015	20	1.0	85072(90.2%)	1	0	1.0	85072	2
2018-01-17-3714	pfama1.004	38	0.6129030837669461	48042(89.4%)	2	0	0.685706	33060	2
2018-01-17-3714	pfama1.011	24	0.38709691623305387	48042(89.4%)	2	1	0.314294	14982	2
2018-01-17-3728	pfama1.004	38	1.0	52403(83.3%)	1	0	1.0	52403	2
2018-01-22-3746	pfama1.009	28	0.34567982670484504	33977(76.4%)	2	0	0.578017	20177	2
2018-01-22-3746	pfama1.001	53	0.654320173295155	33977(76.4%)	2	1	0.421983	13800	2
2018-01-22-3747	pfama1.002	50	1.0	55724(87.6%)	1	0	1.0	55404	2
2018-01-22-3761	pfama1.007	33	1.0	79023(95.1%)	1	0	1.0	79023	2
2018-01-22-3762	pfama1.008	32	1.0	76540(86.6%)	1	0	1.0	76540	2
2018-01-22-3766	pfama1.003	40	0.384614519231851	32946(79.3%)	2	0	0.609949	20054	2
2018-01-22-3766	pfama1.000	64	0.615385480768149	32946(79.3%)	2	1	0.39005100000000004	12892	2
2018-01-22-3777	pfama1.014	20	0.37735867105723064	61581(86.9%)	2	0	0.9196570919657092	56317	2
2018-01-22-3777	pfama1.007	33	0.6226413289427692	61581(86.9%)	2	1	0.0803429080342908	5264	2
2018-01-23-3805	pfama1.002	50	1.0	427579(74.9%)	1	0	1.0	427579	3
2018-01-23-3815	pfama1.000	64	1.0	44451(93.5%)	1	0	1.0	44451	2
2018-01-23-3816	pfama1.000	64	1.0	34484(92.9%)	1	0	1.0	34484	2
2018-01-23-3818	pfama1.010	27	1.0	38928(88.9%)	1	0	1.0	38928	2
2018-01-24-3079	pfama1.012	22	1.0	42492(91%)	1	0	1.0	42492	2
2018-01-24-3095	pfama1.007	33	1.0	44989(94.7%)	1	0	1.0	44989	2
2018-01-24-3096	pfama1.013	22	0.28947375173126555	46745(82.2%)	3	0	0.8462040925474587	38020	2
2018-01-24-3096	pfama1.006	34	0.4473682454987097	46745(82.2%)	3	1	0.14405274544126306	6665	2
2018-01-24-3096	pfama1.015	20	0.2631580027700249	46745(82.2%)	3	2	0.009743162011278172	449	2
2018-01-24-3315	pfama1.008	32	0.3720929705246269	40550(85.2%)	3	0	0.9531129726237622	34157	2
2018-01-24-3315	pfama1.015	20	0.23255827663597006	40550(85.2%)	3	1	0.026509121737416496	1104	2
2018-01-24-3315	pfama1.006	34	0.395348752839403	40550(85.2%)	3	2	0.02037790563882129	738	2
2018-01-24-3786	pfama1.004	38	0.2345680290352743	47021(89.3%)	4	0	0.8988978471873659	42230	2
2018-01-24-3786	pfama1.005	34	0.20987668289902076	47021(89.3%)	4	1	0.07791988675361924	3686	2
2018-01-24-3786	pfama1.003	40	0.24691346136253556	47021(89.3%)	4	2	0.014004097619303404	667	2
2018-01-24-3786	pfama1.002	50	0.30864182670316936	47021(89.3%)	4	3	0.009178168439711363	438	2
2018-01-24-3787	pfama1.003	40	1.0	41701(92.4%)	1	0	1.0	41701	2
2018-01-26-3154	pfama1.000	64	1.0	169479(98.6%)	1	0	1.0	169479	2
2018-01-29-3164	pfama1.013	22	0.2558135949169506	44103(94.8%)	2	0	0.677784	29906	2
2018-01-29-3164	pfama1.000	64	0.7441864050830495	44103(94.8%)	2	1	0.322216	14197	2
2018-01-29-3521	pfama1.000	64	1.0	66744(90.6%)	1	0	1.0	66744	2
2018-01-30-3285	pfama1.002	50	0.595237818877403	51907(95%)	2	0	0.6348981454698507	20121	2
2018-01-30-3285	pfama1.006	34	0.40476218112259704	51907(95%)	2	1	0.3651018545301493	9726	2
2018-01-30-3523	pfama1.004	38	1.0	48505(90.3%)	1	0	1.0	48505	2
2018-01-30-3525	pfama1.014	20	1.0	98910(91.1%)	1	0	1.0	98910	2
2018-01-30-3677	pfama1.002	50	0.3846156153849847	42177(79%)	3	0	0.7647390867500902	22588	2
2018-01-30-3677	pfama1.001	53	0.4076916523066437	42177(79%)	3	1	0.1571235600112038	4625	2
2018-01-30-3677	pfama1.010	27	0.20769273230837174	42177(79%)	3	2	0.078137353238706	2336	2
2018-02-05-3540	pfama1.006	34	1.0	42969(50%)	1	0	1.0	42969	2
2018-02-05-3541	pfama1.011	24	1.0	86903(88.3%)	1	0	1.0	86903	2
2018-02-05-3542	pfama1.002	50	0.40983580354733895	54027(98.3%)	3	0	0.9611810071445966	49374	2
2018-02-05-3542	pfama1.004	38	0.31147553036822406	54027(98.3%)	3	1	0.023627296430542028	1208	2
2018-02-05-3542	pfama1.006	34	0.27868866608443693	54027(98.3%)	3	2	0.01519169642486128	783	2
2018-02-06-3546	pfama1.010	27	1.0	130331(85.2%)	1	0	1.0	108019	1
2018-02-06-3577	pfama1.000	64	1.0	37106(91.3%)	1	0	1.0	29805	1
2018-02-06-3578	pfama1.009	28	0.1076922638461889	39793(70.9%)	8	0	0.22237517001786214	6020	2
2018-02-06-3578	pfama1.013	22	0.08461538230769414	39793(70.9%)	8	1	0.18966855356413392	5118	2
2018-02-06-3578	pfama1.000	64	0.2461543030765575	39793(70.9%)	8	2	0.16222062483308242	4317	2
2018-02-06-3578	pfama1.011	24	0.09230767615385906	39793(70.9%)	8	3	0.1398619011322418	3794	2
2018-02-06-3578	pfama1.007	33	0.12692299846160118	39793(70.9%)	8	4	0.09698218940635733	2625	2
2018-02-06-3578	pfama1.012	22	0.08461538230769414	39793(70.9%)	8	5	0.07168113986854462	1904	2
2018-02-06-3578	pfama1.003	40	0.15384587692329846	39793(70.9%)	8	6	0.061164650221235434	1639	2
2018-02-06-3578	pfama1.010	27	0.10384611692310644	39793(70.9%)	8	7	0.056045770956542305	1512	2
2018-02-06-3602	pfama1.009	28	0.1320755098789565	37055(73.9%)	5	0	0.34836337311701154	10350	2
2018-02-06-3602	pfama1.001	53	0.2499991721698972	37055(73.9%)	5	1	0.32027909213374917	9603	2
2018-02-06-3602	pfama1.000	64	0.30188756301166797	37055(73.9%)	5	2	0.17869472031704423	5299	2
2018-02-06-3602	pfama1.005	34	0.16037736543253753	37055(73.9%)	5	3	0.10792432447374192	3149	2
2018-02-06-3602	pfama1.007	33	0.1556603895069407	37055(73.9%)	5	4	0.044738489958453205	1346	2
2018-02-06-3614	pfama1.001	53	1.0	250706(65.3%)	1	0	1.0	179984	2
2018-02-06-3616	pfama1.001	53	1.0	42873(91.2%)	1	0	1.0	42873	2
2018-02-06-3617	pfama1.003	40	0.09803912197231421	93339(93%)	11	0	0.20990639667476682	16709	2
2018-02-06-3617	pfama1.008	32	0.07843139316609087	93339(93%)	11	1	0.15732559793043882	12546	2
2018-02-06-3617	pfama1.015	20	0.04901965657439661	93339(93%)	11	2	0.15425506701813155	12293	2
2018-02-06-3617	pfama1.001	53	0.12990154984859775	93339(93%)	11	3	0.15129194631264262	12103	2
2018-02-06-3617	pfama1.000	64	0.15686316868513978	93339(93%)	11	4	0.12063800728848303	9651	2
2018-02-06-3617	pfama1.002	50	0.12254890246539273	93339(93%)	11	5	0.05248938331830758	4215	2
2018-02-06-3617	pfama1.006	34	0.08333334926470656	93339(93%)	11	6	0.04944208570073602	3927	2
2018-02-06-3617	pfama1.013	22	0.05392161267301232	93339(93%)	11	7	0.03283693472751782	2702	2
2018-02-06-3617	pfama1.009	28	0.06862748096885944	93339(93%)	11	8	0.027493160188079943	2199	2
2018-02-06-3617	pfama1.010	27	0.06617650291955159	93339(93%)	11	9	0.02739742500374185	2218	2
2018-02-06-3617	pfama1.004	38	0.09313726146193799	93339(93%)	11	10	0.01692399583715399	1381	2
2018-02-07-3630	pfama1.008	32	1.0	39498(89%)	1	0	1.0	39498	2
2018-02-07-3635	pfama1.007	33	1.0	119486(98.6%)	1	0	1.0	119486	2
2018-02-07-3642	pfama1.001	53	1.0	48796(88.6%)	1	0	1.0	48796	2
2018-02-12-3122	pfama1.002	50	1.0	68160(88.6%)	1	0	1.0	68160	2
2018-02-12-3154	pfama1.000	64	1.0	48387(86.1%)	1	0	1.0	48387	2
2018-02-12-3190	pfama1.002	50	1.0	69643(95.9%)	1	0	1.0	69643	2
2018-02-12-3205	pfama1.000	64	1.0	38151(83.9%)	1	0	1.0	1361	2
2018-02-12-3665	pfama1.001	53	1.0	62413(94.5%)	1	0	1.0	62413	2
2018-02-13-3672	pfama1.003	40	1.0	67005(77.2%)	1	0	1.0	55356	2
2018-02-14-3708	pfama1.005	34	1.0	112770(98.5%)	1	0	1.0	112770	2
2018-02-14-3709	pfama1.015	20	1.0	60105(94.3%)	1	0	1.0	60105	2
2018-02-14-3714	pfama1.011	24	1.0	37547(76.3%)	1	0	1.0	37547	2
2018-02-14-3728	pfama1.004	38	1.0	60386(76.2%)	1	0	1.0	60386	3
2018-02-19-3746	pfama1.001	53	1.0	46260(92%)	1	0	1.0	46260	2
2018-02-19-3747	pfama1.002	50	1.0	38777(91.9%)	1	0	1.0	38777	2
2018-02-19-3761	pfama1.007	33	1.0	47210(96.6%)	1	0	1.0	47210	2
2018-02-19-3762	pfama1.008	32	1.0	16200(80.9%)	1	0	1.0	13096	1
2018-02-19-3766	pfama1.003	40	1.0	52801(94.5%)	1	0	1.0	52801	2
2018-02-19-3777	pfama1.014	20	1.0	32374(64.5%)	1	0	1.0	32374	2
2018-02-20-3786	pfama1.005	34	0.32692308413461446	33164(74.9%)	3	0	0.4306	14236	2
2018-02-20-3786	pfama1.004	38	0.3653845793269276	33164(74.9%)	3	1	0.41298199999999996	13707	2
2018-02-20-3786	pfama1.008	32	0.307692336538458	33164(74.9%)	3	2	0.156418	5221	2
2018-02-20-3787	pfama1.003	40	1.0	42571(93.4%)	1	0	1.0	42571	2
2018-02-20-3805	pfama1.002	50	1.0	36110(89.6%)	1	0	1.0	36110	2
2018-02-21-3079	pfama1.012	22	1.0	80492(87.8%)	1	0	1.0	80492	2
2018-02-21-3095	pfama1.007	33	1.0	42556(95.4%)	1	0	1.0	42556	2
2018-02-21-3096	pfama1.006	34	0.32692296153851924	25625(59.6%)	4	0	0.6265252506101002	16027	2
2018-02-21-3096	pfama1.015	20	0.1923077788461106	25625(59.6%)	4	1	0.2505171002068401	6498	2
2018-02-21-3096	pfama1.009	28	0.2692307403846298	25625(59.6%)	4	2	0.09524983809993524	2407	2
2018-02-21-3096	pfama1.013	22	0.2115385192307404	25625(59.6%)	4	3	0.02770781108312443	693	2
2018-02-21-3315	pfama1.015	20	0.23255827663597006	48981(85%)	3	0	0.43317171577699	3628	2
2018-02-21-3315	pfama1.008	32	0.3720929705246269	48981(85%)	3	1	0.4273864820478136	3576	2
2018-02-21-3315	pfama1.006	34	0.395348752839403	48981(85%)	3	2	0.1394418021751964	1167	2
2018-02-21-3816	pfama1.000	64	1.0	45411(96.6%)	1	0	1.0	45411	2
2018-02-21-3818	pfama1.010	27	1.0	71874(96.2%)	1	0	1.0	71874	2
2018-02-26-3164	pfama1.000	64	0.7441864050830495	55826(95.1%)	2	0	0.5611649999999999	31675	2
2018-02-26-3164	pfama1.013	22	0.2558135949169506	55826(95.1%)	2	1	0.43883500000000003	24151	2
2018-02-27-3285	pfama1.011	24	0.4137932193816485	72498(93.5%)	2	0	0.8222532667954068	32843	2
2018-02-27-3285	pfama1.006	34	0.5862067806183515	72498(93.5%)	2	1	0.17774673320459325	7110	2
2018-02-27-3523	pfama1.004	38	1.0	75565(88%)	1	0	1.0	75565	2
2018-02-27-3525	pfama1.014	20	1.0	81041(84.4%)	1	0	1.0	81041	2
2018-02-27-3527	pfama1.001	53	1.0	12546(83%)	1	0	1.0	12266	1
2018-02-28-3535	pfama1.000	64	0.54701	386(87.1%)	2	0	0.7000005146660526	84	1
2018-02-28-3535	pfama1.001	53	0.45299	386(87.1%)	2	1	0.2999994853339475	36	1
2018-03-05-3541	pfama1.011	24	1.0	40067(90%)	1	0	1.0	39284	1
2018-03-05-3542	pfama1.014	20	0.2173914517958012	69547(97.2%)	3	0	0.5314851595418855	1987	2
2018-03-05-3542	pfama1.004	38	0.4130433768903867	69547(97.2%)	3	1	0.2655708796614259	1001	2
2018-03-05-3542	pfama1.006	34	0.36956517131381217	69547(97.2%)	3	2	0.2029439607966885	770	2
2018-03-06-3577	pfama1.000	64	1.0	48173(93.8%)	1	0	1.0	48173	2
2018-03-06-3578	pfama1.009	28	0.21538459230770388	40293(74.1%)	5	0	0.567681819360657	13765	2
2018-03-06-3578	pfama1.012	22	0.16923081538459234	40293(74.1%)	5	1	0.26000714452435786	6449	2
2018-03-06-3578	pfama1.013	22	0.16923081538459234	40293(74.1%)	5	2	0.07196978886842946	1783	2
2018-03-06-3578	pfama1.011	24	0.18461540769229617	40293(74.1%)	5	3	0.06937232760070305	1723	2
2018-03-06-3578	pfama1.005	34	0.2615383692308154	40293(74.1%)	5	4	0.03096891964585245	752	2
2018-03-06-3595	pfama1.001	53	1.0	76963(89.5%)	1	0	1.0	76963	2
2018-03-07-3642	pfama1.001	53	1.0	512(88.7%)	1	0	1.0	512	2
2018-03-12-3190	pfama1.002	50	1.0	68992(85.7%)	1	0	1.0	68992	2
2018-03-12-3659	pfama1.012	22	1.0	42185(81.1%)	1	0	1.0	42185	2
2018-03-14-3709	pfama1.015	20	1.0	22233(89.2%)	1	0	1.0	21926	1
2018-03-14-3714	pfama1.004	38	1.0	54741(84.6%)	1	0	1.0	54741	2
2018-03-14-3728	pfama1.000	64	1.0	984(88.7%)	1	0	1.0	381	1
2018-03-19-3746	pfama1.001	53	1.0	61879(73.5%)	1	0	1.0	61879	3
2018-03-19-3747	pfama1.002	50	1.0	73588(88.1%)	1	0	1.0	73588	2
2018-03-19-3761	pfama1.007	33	1.0	39969(91.6%)	1	0	1.0	39969	2
2018-03-19-3766	pfama1.003	40	1.0	40995(89.6%)	1	0	1.0	40995	2
2018-03-19-3777	pfama1.014	20	0.37735867105723064	36661(68.8%)	2	0	0.855526826454634	30224	2
2018-03-19-3777	pfama1.007	33	0.6226413289427692	36661(68.8%)	2	1	0.14447317354536598	4560	2
2018-03-20-3786	pfama1.004	38	0.4318184336261733	118530(95.9%)	2	0	0.621586	74063	2
2018-03-20-3786	pfama1.002	50	0.5681815663738268	118530(95.9%)	2	1	0.378414	44467	2
2018-03-20-3805	pfama1.002	50	1.0	25226(90.8%)	1	0	1.0	25226	2
2018-03-20-3816	pfama1.000	64	1.0	44596(93.1%)	1	0	1.0	44596	2
2018-03-20-3818	pfama1.010	27	1.0	45034(92.1%)	1	0	1.0	45034	2
2018-03-21-3095	pfama1.007	33	1.0	41037(90%)	1	0	1.0	41037	2
2018-03-21-3096	pfama1.006	34	0.40476180527214795	44078(92.7%)	3	0	0.9600596377683276	24976	2
2018-03-21-3096	pfama1.013	22	0.2619048613945188	44078(92.7%)	3	1	0.022769767717669382	593	2
2018-03-21-3096	pfama1.009	28	0.3333333333333333	44078(92.7%)	3	2	0.017170594514003015	447	2
2018-03-21-3315	pfama1.008	32	0.48484850275481767	31355(98.4%)	2	0	0.9588663835465534	30049	2
2018-03-21-3315	pfama1.006	34	0.5151514972451823	31355(98.4%)	2	1	0.041133616453446584	1306	2
2018-03-26-3164	pfama1.013	22	0.2558135949169506	58426(94.2%)	2	0	0.661208	38618	2
2018-03-26-3164	pfama1.000	64	0.7441864050830495	58426(94.2%)	2	1	0.338792	19808	2
2018-03-27-3285	pfama1.006	34	0.31481494855970793	36489(76.5%)	3	0	0.5341912733983655	16573	2
2018-03-27-3285	pfama1.011	24	0.2222224228395619	36489(76.5%)	3	1	0.32000442544536933	9912	2
2018-03-27-3285	pfama1.002	50	0.4629626286007302	36489(76.5%)	3	2	0.1458043011562653	4521	2
2018-03-27-3523	pfama1.004	38	1.0	69181(87.2%)	1	0	1.0	69181	2
2018-04-02-3542	pfama1.004	38	0.6551722051130328	29876(94.1%)	2	0	0.9908950099089501	29602	2
2018-04-02-3542	pfama1.014	20	0.34482779488696735	29876(94.1%)	2	1	0.0091049900910499	274	2
2018-04-03-3604	pfama1.004	38	0.10526317495261929	55200(83.2%)	9	0	0.2803254722903518	10028	2
2018-04-03-3604	pfama1.000	64	0.17728581353740958	55200(83.2%)	9	1	0.2540149496973637	8965	2
2018-04-03-3604	pfama1.002	50	0.1385040354202153	55200(83.2%)	9	2	0.1764927632077829	6230	2
2018-04-03-3604	pfama1.012	22	0.06094188361815041	55200(83.2%)	9	3	0.1429589672700331	5133	2
2018-04-03-3604	pfama1.009	28	0.07756236786857623	55200(83.2%)	9	4	0.05451555198643513	1927	2
2018-04-03-3604	pfama1.003	40	0.11080322833617227	55200(83.2%)	9	5	0.0345458466916367	1222	2
2018-04-03-3604	pfama1.008	32	0.08864269070219348	55200(83.2%)	9	6	0.023332019775468622	813	2
2018-04-03-3604	pfama1.005	34	0.09418285211900207	55200(83.2%)	9	7	0.02226775820424623	795	2
2018-04-03-3604	pfama1.001	53	0.14681395344566125	55200(83.2%)	9	8	0.01154667087668178	411	2
2018-04-23-3164	pfama1.000	64	1.0	22105(96.8%)	1	0	1.0	22105	2
2018-05-01-3604	pfama1.001	53	0.23451247335360068	24137(80.8%)	6	0	0.4386438480621275	9017	2
2018-05-01-3604	pfama1.000	64	0.28318653402757926	24137(80.8%)	6	1	0.2194356668353656	4559	2
2018-05-01-3604	pfama1.010	27	0.1194690548006833	24137(80.8%)	6	2	0.12113374136903184	2447	2
2018-05-01-3604	pfama1.005	34	0.15044246871329192	24137(80.8%)	6	3	0.09329818016203542	1929	2
2018-05-01-3604	pfama1.009	28	0.12389382821677024	24137(80.8%)	6	4	0.07948370616739282	1659	2
2018-05-01-3604	pfama1.015	20	0.0884956408880747	24137(80.8%)	6	5	0.0480048574040468	987	2
2018-05-21-3808	pfama1.000	64	0.5333338966657654	15377(71.6%)	3	0	0.6509141098962625	6982	2
2018-05-21-3808	pfama1.008	32	0.2666662983339227	15377(71.6%)	3	1	0.2511905557513961	2693	2
2018-05-21-3808	pfama1.011	24	0.199999805000312	15377(71.6%)	3	2	0.09789533435234139	1049	2
2018-05-28-3393	pfama1.003	40	1.0	56740(98.3%)	1	0	1.0	56740	2
2018-06-07-3782	pfama1.013	22	0.15492989466416152	32978(89.6%)	4	0	0.8064220429581622	26363	2
2018-06-07-3782	pfama1.010	27	0.1901411719405079	32978(89.6%)	4	1	0.15432700714557557	5051	2
2018-06-07-3782	pfama1.001	53	0.3732387151845595	32978(89.6%)	4	2	0.025178528461995982	842	2
2018-06-07-3782	pfama1.003	40	0.28169021821077117	32978(89.6%)	4	3	0.01407242143426621	475	2
2018-06-13-3081	pfama1.002	50	1.0	3867(94%)	1	0	1.0	3867	2
2018-06-19-3285	pfama1.002	50	0.48543744462366817	81(100%)	2	0	0.82716	67	1
2018-06-19-3285	pfama1.001	53	0.5145625553763319	81(100%)	2	1	0.17284000000000002	14	1
2018-06-20-3555	pfama1.009	28	0.5599999064000524	66157(76.8%)	2	0	0.81959	54105	2
2018-06-20-3555	pfama1.012	22	0.44000009359994763	66157(76.8%)	2	1	0.18041000000000001	12052	2
2018-06-25-3570	pfama1.000	64	1.0	5385(98.6%)	1	0	1.0	5385	2
2018-06-25-3685	pfama1.005	34	1.0	37712(97.7%)	1	0	1.0	37712	2
2018-06-26-3604	pfama1.001	53	0.16614367135738464	11223(82.6%)	8	0	0.33933228022494744	2783	2
2018-06-26-3604	pfama1.000	64	0.20062749656549367	11223(82.6%)	8	1	0.2728851316490738	2236	2
2018-06-26-3604	pfama1.013	22	0.06896557204626648	11223(82.6%)	8	2	0.1844646651749614	1514	2
2018-06-26-3604	pfama1.004	38	0.11912226280205591	11223(82.6%)	8	3	0.0519642539904122	419	2
2018-06-26-3604	pfama1.006	34	0.10658309011310856	11223(82.6%)	8	4	0.04874356005367503	395	2
2018-06-26-3604	pfama1.011	24	0.07523515839074014	11223(82.6%)	8	5	0.03707511730772558	302	2
2018-06-26-3604	pfama1.002	50	0.15673965861184203	11223(82.6%)	8	6	0.036238744595222784	300	2
2018-06-26-3604	pfama1.005	34	0.10658309011310856	11223(82.6%)	8	7	0.029296247003981694	240	2
2018-06-26-3825	pfama1.000	64	1.0	24629(97.9%)	1	0	1.0	24629	2
2018-07-11-3081	pfama1.002	50	1.0	34042(96.7%)	1	0	1.0	34042	2
2018-07-15-3149	pfama1.003	40	1.0	40339(99.1%)	1	0	1.0	40339	2
2018-07-19-3441	pfama1.008	32	0.3018869382342856	32417(73.6%)	3	0	0.420933	13615	2
2018-07-19-3441	pfama1.003	40	0.37735821288707516	32417(73.6%)	3	1	0.397469	12899	2
2018-07-19-3441	pfama1.005	34	0.3207548488786393	32417(73.6%)	3	2	0.181598	5903	2
2018-08-01-3720	pfama1.000	64	0.5614044090479905	64992(95.5%)	2	0	0.9612789038721097	62476	2
2018-08-01-3720	pfama1.002	50	0.43859559095200945	64992(95.5%)	2	1	0.03872109612789039	2516	2
2018-08-14-3285	pfama1.002	50	0.39370102920244876	2153(94.8%)	3	0	0.5692277521372677	459	2
2018-08-14-3285	pfama1.001	53	0.4173221696932661	2153(94.8%)	3	1	0.3056342387549439	116	2
2018-08-14-3285	pfama1.011	24	0.18897680110428527	2153(94.8%)	3	2	0.1251380091077885	37	2
2018-08-20-3570	pfama1.000	64	1.0	62374(97.7%)	1	0	1.0	62374	2
2018-08-22-3629	pfama1.005	34	1.0	59994(97.8%)	1	0	1.0	59994	2
2018-08-23-3081	pfama1.002	50	1.0	7(100%)	1	0	1.0	7	1
ctrl-38x-7C1-10K	pfama1.014	20	0.15384631538463153	25492(97.5%)	4	0	0.7415831059048367	15769	2
ctrl-38x-7C1-10K	pfama1.004	38	0.29230772923077286	25492(97.5%)	4	1	0.10535181066930563	2167	2
ctrl-38x-7C1-10K	pfama1.008	32	0.24615392461539246	25492(97.5%)	4	2	0.0947538022655889	1962	2
ctrl-38x-7C1-10K	pfama1.003	40	0.3076920307692031	25492(97.5%)	4	3	0.05831128116026884	1229	2
ctrl-38x-7C1-1K	pfama1.014	20	0.15384631538463153	8693(94.5%)	4	0	0.6323291215743242	4258	2
ctrl-38x-7C1-1K	pfama1.008	32	0.24615392461539246	8693(94.5%)	4	1	0.1366865899627559	800	2
ctrl-38x-7C1-1K	pfama1.004	38	0.29230772923077286	8693(94.5%)	4	2	0.12329421918402464	873	2
ctrl-38x-7C1-1K	pfama1.003	40	0.3076920307692031	8693(94.5%)	4	3	0.10769006927889511	651	2
ctrl-38x-7C3-10k	pfama1.014	20	0.15384631538463153	21687(97.6%)	4	0	0.9422920499055198	19616	2
ctrl-38x-7C3-10k	pfama1.004	38	0.29230772923077286	21687(97.6%)	4	1	0.02365381486904181	490	2
ctrl-38x-7C3-10k	pfama1.008	32	0.24615392461539246	21687(97.6%)	4	2	0.022366028039527305	454	2
ctrl-38x-7C3-10k	pfama1.003	40	0.3076920307692031	21687(97.6%)	4	3	0.011688107185910993	235	2
ctrl-38x-7C3-1k	pfama1.014	20	0.22222236666662334	2178(92.9%)	3	0	0.9474522856278487	1963	2
ctrl-38x-7C3-1k	pfama1.004	38	0.4222221066667013	2178(92.9%)	3	1	0.03542317945165628	71	2
ctrl-38x-7C3-1k	pfama1.008	32	0.35555552666667534	2178(92.9%)	3	2	0.017124534920494965	37	2
ctrl-38x-DS6-10k	pfama1.008	32	1.0	26219(98.1%)	1	0	1.0	412	2
ctrl-38x-DS6-1k	pfama1.008	32	1.0	18364(95.9%)	1	0	1.0	220	2
ctrl-38x-QS5-10k	pfama1.004	38	0.5428570951020462	42531(88.6%)	2	0	0.8339057176090109	12458	2
ctrl-38x-QS5-10k	pfama1.008	32	0.45714290489795373	42531(88.6%)	2	1	0.16609428239098917	2461	2
ctrl-38x-QS5-1k	pfama1.004	38	0.5428570951020462	3288(97.6%)	2	0	0.7090035012856284	792	2
ctrl-38x-QS5-1k	pfama1.008	32	0.45714290489795373	3288(97.6%)	2	1	0.29099649871437167	384	2
