s_Sample	h_popUID	h_SampCnt	h_SampFrac	s_ReadCntTotUsed	s_COI	c_clusterID	c_AveragedFrac	c_ReadCnt	c_RepCnt
2017-10-04-3079	pfama1.012	22	1.0	20486(95.8%)	1	0	1.0	20486	2
2017-10-04-3093	pfama1.033	5	1.0	26303(97%)	1	0	1.0	26303	2
2017-10-04-3096	pfama1.026	8	0.08163255560185145	70337(98.5%)	5	0	0.5599816640110015	39339	2
2017-10-04-3096	pfama1.006	34	0.3469387592669752	70337(98.5%)	5	1	0.3219948068031159	22668	2
2017-10-04-3096	pfama1.025	8	0.08163255560185145	70337(98.5%)	5	2	0.05185086888947866	3635	2
2017-10-04-3096	pfama1.009	28	0.28571434256558664	70337(98.5%)	5	3	0.05012306992615803	3540	2
2017-10-04-3096	pfama1.015	20	0.2040817869637352	70337(98.5%)	5	4	0.016049590370245777	1155	2
2017-10-04-3313	pfama1.003	40	1.0	24645(97%)	1	0	1.0	24645	2
2017-10-04-3315	pfama1.019	12	0.15384599999999998	38549(85.6%)	3	0	0.638904361095639	24896	2
2017-10-04-3315	pfama1.006	34	0.43589749999999994	38549(85.6%)	3	1	0.24506775493224506	9385	2
2017-10-04-3315	pfama1.008	32	0.4102565	38549(85.6%)	3	2	0.11602788397211602	4268	2
2017-10-04-3364	pfama1.016	16	1.0	9274(99.1%)	1	0	1.0	9274	2
2017-10-04-3510	pfama1.025	8	1.0	62120(72.5%)	1	0	1.0	62120	3
2017-10-09-3001	pfama1.003	40	1.0	93965(91.4%)	1	0	1.0	93965	2
2017-10-09-3162	pfama1.041	2	0.40000046800010297	10946(88%)	4	0	0.9824593536853673	10754	1
2017-10-09-3162	pfama1.142	1	0.19999984399996565	10946(88%)	4	1	0.0058468821048775575	64	1
2017-10-09-3162	pfama1.143	1	0.19999984399996565	10946(88%)	4	2	0.0058468821048775575	64	1
2017-10-09-3162	pfama1.144	1	0.19999984399996565	10946(88%)	4	3	0.0058468821048775575	64	1
2017-10-09-3163	pfama1.001	53	0.38686001934058123	104185(95.6%)	3	0	0.5951482975741488	62030	2
2017-10-09-3163	pfama1.000	64	0.4671544607596003	104185(95.6%)	3	1	0.34814717407358703	36207	2
2017-10-09-3163	pfama1.015	20	0.14598551989981842	104185(95.6%)	3	2	0.05670452835226417	5948	2
2017-10-09-3164	pfama1.000	64	0.7441864050830495	52493(97.4%)	2	0	0.8932640000000001	46953	2
2017-10-09-3164	pfama1.013	22	0.2558135949169506	52493(97.4%)	2	1	0.106736	5540	2
2017-10-10-3284	pfama1.012	22	0.39285729209177817	40673(80.3%)	2	0	0.733024	29830	2
2017-10-10-3284	pfama1.006	34	0.6071427079082219	40673(80.3%)	2	1	0.26697600000000005	10843	2
2017-10-10-3285	pfama1.006	34	0.27868866608443693	70394(97.4%)	5	0	0.6418309358169064	45168	2
2017-10-10-3285	pfama1.002	50	0.40983580354733895	70394(97.4%)	5	1	0.2595079740492026	18277	2
2017-10-10-3285	pfama1.039	4	0.03278686428378712	70394(97.4%)	5	2	0.04346519565348043	3062	2
2017-10-10-3285	pfama1.011	24	0.19672150537496913	70394(97.4%)	5	3	0.027629597237040275	1947	2
2017-10-10-3285	pfama1.023	10	0.08196716070946782	70394(97.4%)	5	4	0.027566297243370275	1940	2
2017-10-10-3523	pfama1.004	38	1.0	56906(94.9%)	1	0	1.0	56906	2
2017-10-11-3236	pfama1.013	22	1.0	71121(89.4%)	1	0	1.0	71121	2
2017-10-11-3336	pfama1.048	1	1.0	4(100%)	1	0	1.0	4	1
2017-10-11-3529	pfama1.016	16	0.8421052631578947	10550(87.2%)	4	0	0.9586054216601949	9981	1
2017-10-11-3529	pfama1.068	1	0.05263157894736842	10550(87.2%)	4	1	0.027660423230232347	288	1
2017-10-11-3529	pfama1.119	1	0.05263157894736842	10550(87.2%)	4	2	0.0074913536479332505	78	1
2017-10-11-3529	pfama1.136	1	0.05263157894736842	10550(87.2%)	4	3	0.006242801461639561	65	1
2017-10-11-3530	pfama1.017	15	1.0	44204(93.8%)	1	0	1.0	44204	2
2017-10-16-3540	pfama1.006	34	1.0	60029(98.3%)	1	0	1.0	60029	2
2017-10-16-3541	pfama1.011	24	1.0	42587(92.7%)	1	0	1.0	42587	2
2017-10-16-3542	pfama1.002	50	0.27322357789157625	48118(97.7%)	5	0	0.7870351810180917	38004	2
2017-10-16-3542	pfama1.006	34	0.18579224608087572	48118(97.7%)	5	1	0.14440403321292763	6804	2
2017-10-16-3542	pfama1.018	15	0.08196707336747289	48118(97.7%)	5	2	0.05067191165453968	2397	2
2017-10-16-3542	pfama1.000	64	0.34972745838884084	48118(97.7%)	5	3	0.009669292223937212	495	2
2017-10-16-3542	pfama1.014	20	0.10928964427123439	48118(97.7%)	5	4	0.008219581890503836	418	2
2017-10-16-3546	pfama1.010	27	1.0	45837(96.7%)	1	0	1.0	45837	2
2017-10-16-3547	pfama1.007	33	0.9428571014693972	29111(80.2%)	2	0	0.993122890756482	28914	2
2017-10-16-3547	pfama1.045	2	0.05714289853060291	29111(80.2%)	2	1	0.006877109243517983	197	2
2017-10-16-3549	pfama1.010	27	1.0	46591(91.9%)	1	0	1.0	46591	2
2017-10-16-3557	pfama1.020	11	1.0	47808(95.5%)	1	0	1.0	47808	2
2017-10-17-3575	pfama1.000	64	0.9552240369788927	14129(84.8%)	4	0	0.8169167868033048	11213	1
2017-10-17-3575	pfama1.051	1	0.014925321007035693	14129(84.8%)	4	1	0.16129972628486708	2214	1
2017-10-17-3575	pfama1.081	1	0.014925321007035693	14129(84.8%)	4	2	0.014862315445480983	204	1
2017-10-17-3575	pfama1.129	1	0.014925321007035693	14129(84.8%)	4	3	0.006921171466347186	95	1
2017-10-17-3577	pfama1.000	64	1.0	43734(94.3%)	1	0	1.0	43734	2
2017-10-17-3578	pfama1.009	28	0.17073173805769717	36851(77.2%)	9	0	0.3311790662358132	11874	2
2017-10-17-3578	pfama1.040	3	0.018292684521861644	36851(77.2%)	9	1	0.21814404362880874	8027	2
2017-10-17-3578	pfama1.013	22	0.1341464165749394	36851(77.2%)	9	2	0.17312503462500692	6761	2
2017-10-17-3578	pfama1.005	34	0.20731705954045496	36851(77.2%)	9	3	0.06387721277544255	2140	2
2017-10-17-3578	pfama1.037	5	0.030487767902298173	36851(77.2%)	9	4	0.06349071269814253	2420	2
2017-10-17-3578	pfama1.029	7	0.042682875063217426	36851(77.2%)	9	5	0.061362012272402455	2198	2
2017-10-17-3578	pfama1.007	33	0.20121950595999533	36851(77.2%)	9	6	0.05371541074308214	1970	2
2017-10-17-3578	pfama1.012	22	0.1341464165749394	36851(77.2%)	9	7	0.024859804971960994	1053	2
2017-10-17-3578	pfama1.022	10	0.060975535804596345	36851(77.2%)	9	8	0.01024670204934041	408	2
2017-10-17-3579	pfama1.032	5	1.0	78912(89.9%)	1	0	1.0	78912	2
2017-10-17-3580	pfama1.006	34	0.5074626778792619	54369(94.3%)	2	0	0.9866243946497578	53618	2
2017-10-17-3580	pfama1.007	33	0.4925373221207382	54369(94.3%)	2	1	0.01337560535024214	751	2
2017-10-17-3595	pfama1.001	53	0.9298243537389923	11716(81.5%)	4	0	0.9532969217254014	10308	1
2017-10-17-3595	pfama1.069	1	0.017543894459937676	11716(81.5%)	4	1	0.025524813238980322	276	1
2017-10-17-3595	pfama1.094	1	0.017543894459937676	11716(81.5%)	4	2	0.012577505446647881	136	1
2017-10-17-3595	pfama1.044	2	0.03508785734113217	11716(81.5%)	4	3	0.00860075958897049	93	1
2017-10-17-3602	pfama1.017	15	0.09615365384634615	57590(97.4%)	5	0	0.8215108356978329	46680	2
2017-10-17-3602	pfama1.005	34	0.2179485320514679	57590(97.4%)	5	1	0.1078859784228043	6883	2
2017-10-17-3602	pfama1.023	10	0.0641024358975641	57590(97.4%)	5	2	0.03053529389294122	1842	2
2017-10-17-3602	pfama1.000	64	0.4102570897429102	57590(97.4%)	5	3	0.02680489463902107	1521	2
2017-10-17-3602	pfama1.007	33	0.2115382884617115	57590(97.4%)	5	4	0.013262997347400527	664	2
2017-10-17-3604	pfama1.014	20	0.21052646703597605	41548(67.5%)	4	0	0.3381	23462	2
2017-10-17-3604	pfama1.007	33	0.347368403767317	41548(67.5%)	4	1	0.320759	9349	2
2017-10-17-3604	pfama1.017	15	0.1578945423823165	41548(67.5%)	4	2	0.235079	6844	2
2017-10-17-3604	pfama1.010	27	0.2842105868143904	41548(67.5%)	4	3	0.10606199999999999	1893	2
2017-10-17-3612	pfama1.009	28	0.15642462847601085	145498(95.7%)	4	0	0.9431327359228339	137167	2
2017-10-17-3612	pfama1.001	53	0.29608840928818686	145498(95.7%)	4	1	0.02633489262623006	3879	2
2017-10-17-3612	pfama1.000	64	0.3575428172028767	145498(95.7%)	4	2	0.02400859327759388	3508	2
2017-10-17-3612	pfama1.005	34	0.18994414503292556	145498(95.7%)	4	3	0.006523778173342111	944	2
2017-10-17-3614	pfama1.001	53	0.9464283935900242	39558(86.4%)	2	0	0.9590885204557397	37963	2
2017-10-17-3614	pfama1.040	3	0.05357160640997578	39558(86.4%)	2	1	0.04091147954426023	1595	2
2017-10-17-3615	pfama1.005	34	1.0	52094(96%)	1	0	1.0	52094	2
2017-10-17-3616	pfama1.001	53	1.0	45899(95.5%)	1	0	1.0	45899	2
2017-10-17-3617	pfama1.007	33	1.0	59227(95.4%)	1	0	1.0	59227	2
2017-10-18-3627	pfama1.006	34	0.9444445046296246	10977(83.4%)	3	0	0.9860672437228758	10616	1
2017-10-18-3627	pfama1.126	1	0.027777747685187693	10977(83.4%)	3	1	0.006966378138562131	75	1
2017-10-18-3627	pfama1.125	1	0.027777747685187693	10977(83.4%)	3	2	0.006966378138562131	75	1
2017-10-18-3630	pfama1.008	32	1.0	54680(96.3%)	1	0	1.0	54680	2
2017-10-18-3642	pfama1.001	53	1.0	70052(92.2%)	1	0	1.0	70052	3
2017-10-23-3122	pfama1.002	50	1.0	26834(84%)	1	0	1.0	26834	2
2017-10-23-3154	pfama1.000	64	1.0	124119(98.4%)	1	0	1.0	124119	2
2017-10-23-3190	pfama1.002	50	1.0	44041(93.1%)	1	0	1.0	44041	2
2017-10-23-3202	pfama1.027	7	0.3181818181818182	35434(81.4%)	3	0	0.5701884298115703	20323	2
2017-10-23-3202	pfama1.028	7	0.3181818181818182	35434(81.4%)	3	1	0.31094868905131096	10978	2
2017-10-23-3202	pfama1.026	8	0.36363636363636365	35434(81.4%)	3	2	0.11886288113711889	4133	2
2017-10-23-3205	pfama1.028	7	0.5	54222(92.2%)	2	0	0.767131	41506	2
2017-10-23-3205	pfama1.027	7	0.5	54222(92.2%)	2	1	0.232869	12716	2
2017-10-23-3649	pfama1.000	64	1.0	350(84.7%)	1	0	1.0	350	2
2017-10-23-3659	pfama1.018	15	0.4054049780862174	63168(75.6%)	2	0	0.533602	34062	2
2017-10-23-3659	pfama1.012	22	0.5945950219137826	63168(75.6%)	2	1	0.466398	29106	2
2017-10-23-3665	pfama1.001	53	1.0	71529(94.1%)	1	0	1.0	71529	2
2017-10-24-3672	pfama1.024	9	1.0	11(100%)	1	0	1.0	11	1
2017-10-24-3673	pfama1.010	27	0.442623024187026	34716(75.1%)	2	0	0.6871659999999999	23422	2
2017-10-24-3673	pfama1.005	34	0.5573769758129739	34716(75.1%)	2	1	0.312834	11294	2
2017-10-24-3677	pfama1.001	53	0.623528607472506	36293(85%)	3	0	0.621633	22562	2
2017-10-24-3677	pfama1.019	12	0.14117660013865674	36293(85%)	3	1	0.254805	9247	2
2017-10-24-3677	pfama1.014	20	0.23529479238883722	36293(85%)	3	2	0.12356199999999999	4484	2
2017-10-24-3684	pfama1.014	20	1.0	25054(89.2%)	1	0	1.0	25054	3
2017-10-24-3685	pfama1.029	7	0.5	2782(97%)	2	0	0.891935	2477	2
2017-10-24-3685	pfama1.030	7	0.5	2782(97%)	2	1	0.10806500000000001	305	2
2017-10-25-3708	pfama1.005	34	1.0	125585(98.4%)	1	0	1.0	125585	2
2017-10-25-3709	pfama1.015	20	1.0	20229(98.9%)	1	0	1.0	20229	2
2017-10-25-3713	pfama1.022	10	1.0	25537(94.7%)	1	0	1.0	25537	4
2017-10-25-3714	pfama1.004	38	0.6129030837669461	30255(97.7%)	2	0	0.9899313959725584	29927	2
2017-10-25-3714	pfama1.011	24	0.38709691623305387	30255(97.7%)	2	1	0.010068604027441613	328	2
2017-10-25-3718	pfama1.009	28	1.0	92908(91.5%)	1	0	1.0	92908	2
2017-10-25-3719	pfama1.005	34	0.6800002496000549	89326(98%)	2	0	0.859664	77938	2
2017-10-25-3719	pfama1.016	16	0.3199997503999451	89326(98%)	2	1	0.140336	11388	2
2017-10-25-3720	pfama1.006	34	0.34000025740015705	112486(97.9%)	3	0	0.45944004594400456	51605	2
2017-10-25-3720	pfama1.016	16	0.15999993759996192	112486(97.9%)	3	1	0.45758904575890463	51512	2
2017-10-25-3720	pfama1.002	50	0.49999980499988106	112486(97.9%)	3	2	0.08297090829709083	9369	2
2017-10-25-3728	pfama1.004	38	1.0	50928(89.9%)	1	0	1.0	50928	4
2017-10-30-3746	pfama1.009	28	0.34567982670484504	70041(89.5%)	2	0	0.8262120000000001	57854	2
2017-10-30-3746	pfama1.001	53	0.654320173295155	70041(89.5%)	2	1	0.173788	12187	2
2017-10-30-3747	pfama1.002	50	1.0	51636(90.7%)	1	0	1.0	51636	2
2017-10-30-3761	pfama1.007	33	1.0	193315(98.7%)	1	0	1.0	193315	2
2017-10-30-3762	pfama1.008	32	0.842105425207752	15123(81.7%)	7	0	0.9408186142643681	14228	1
2017-10-30-3762	pfama1.074	1	0.02631576246537467	15123(81.7%)	7	1	0.019969591812467356	302	1
2017-10-30-3762	pfama1.106	1	0.02631576246537467	15123(81.7%)	7	2	0.008265556611121787	125	1
2017-10-30-3762	pfama1.108	1	0.02631576246537467	15123(81.7%)	7	3	0.008001056719566744	121	1
2017-10-30-3762	pfama1.113	1	0.02631576246537467	15123(81.7%)	7	4	0.0077365568280116995	117	1
2017-10-30-3762	pfama1.114	1	0.02631576246537467	15123(81.7%)	7	5	0.007670436855120887	116	1
2017-10-30-3762	pfama1.116	1	0.02631576246537467	15123(81.7%)	7	6	0.007538186909343366	114	1
2017-10-30-3766	pfama1.003	40	1.0	39266(94.7%)	1	0	1.0	39266	2
2017-10-30-3773	pfama1.003	40	0.5555552546294917	146600(81.7%)	2	0	0.723303	106351	2
2017-10-30-3773	pfama1.008	32	0.44444474537050827	146600(81.7%)	2	1	0.27669699999999997	40249	2
2017-10-30-3777	pfama1.007	33	1.0	39214(85%)	1	0	1.0	39214	2
2017-10-31-3785	pfama1.035	5	1.0	79561(89.7%)	1	0	1.0	79561	2
2017-10-31-3786	pfama1.003	40	0.20618544266123245	29499(98.3%)	5	0	0.6836282050884616	20173	2
2017-10-31-3786	pfama1.002	50	0.2577318033265405	29499(98.3%)	5	1	0.16967305090191528	4991	2
2017-10-31-3786	pfama1.008	32	0.16494855515999357	29499(98.3%)	5	2	0.07859992357997707	2317	2
2017-10-31-3786	pfama1.004	38	0.19587637155917842	29499(98.3%)	5	3	0.04357101307130392	1295	2
2017-10-31-3786	pfama1.005	34	0.17525782729305517	29499(98.3%)	5	4	0.02452780735834221	723	2
2017-10-31-3787	pfama1.003	40	1.0	75820(89.4%)	1	0	1.0	75820	2
2017-10-31-3805	pfama1.002	50	1.0	37907(96.7%)	1	0	1.0	37907	2
2017-10-31-3816	pfama1.000	64	1.0	13100(98%)	1	0	1.0	13100	2
2017-10-31-3818	pfama1.010	27	1.0	45025(98.6%)	1	0	1.0	45025	2
2017-11-01-3079	pfama1.012	22	1.0	59388(96.3%)	1	0	1.0	59388	2
2017-11-01-3093	pfama1.033	5	1.0	61649(86.5%)	1	0	1.0	61649	3
2017-11-01-3096	pfama1.006	34	0.30357135395411095	9069(98.8%)	5	0	0.5082147967140813	4609	1
2017-11-01-3096	pfama1.026	8	0.07142847193881459	9069(98.8%)	5	1	0.4136068345572661	3751	1
2017-11-01-3096	pfama1.015	20	0.17857152806118542	9069(98.8%)	5	2	0.030984687606124953	281	1
2017-11-01-3096	pfama1.009	28	0.25	9069(98.8%)	5	3	0.029220388311844675	265	1
2017-11-01-3096	pfama1.013	22	0.19642864604588908	9069(98.8%)	5	4	0.017973292810682877	163	1
2017-11-01-3313	pfama1.003	40	1.0	10334(93.8%)	1	0	1.0	10334	2
2017-11-01-3364	pfama1.016	16	1.0	73308(93.6%)	1	0	1.0	73308	2
2017-11-01-3505	pfama1.034	5	1.0	5757(87.4%)	1	0	1.0	5757	4
2017-11-01-3510	pfama1.025	8	1.0	33953(88.7%)	1	0	1.0	33953	2
2017-11-01-3773	pfama1.008	32	0.44444474537050827	128842(80.3%)	2	0	0.504687	65042	2
2017-11-01-3773	pfama1.003	40	0.5555552546294917	128842(80.3%)	2	1	0.495313	63800	2
2017-11-06-3001	pfama1.003	40	1.0	18724(84.8%)	1	0	1.0	18724	2
2017-11-06-3055	pfama1.003	40	1.0	29(85.3%)	1	0	1.0	29	1
2017-11-06-3162	pfama1.041	2	1.0	15071(86.2%)	1	0	1.0	15071	2
2017-11-06-3163	pfama1.001	53	1.0	77350(98.3%)	1	0	1.0	77350	2
2017-11-06-3164	pfama1.013	22	0.2558135949169506	83274(99.4%)	2	0	0.9514122854236856	78996	2
2017-11-06-3164	pfama1.000	64	0.7441864050830495	83274(99.4%)	2	1	0.04858771457631437	4278	2
2017-11-07-3284	pfama1.006	34	0.7727274741735766	35375(97%)	2	0	0.9324236270305493	32305	2
2017-11-07-3284	pfama1.023	10	0.22727252582642343	35375(97%)	2	1	0.06757637296945081	3070	2
2017-11-07-3285	pfama1.011	24	0.4137932193816485	29(96.7%)	2	0	0.62069	18	1
2017-11-07-3285	pfama1.006	34	0.5862067806183515	29(96.7%)	2	1	0.37931	11	1
2017-11-07-3523	pfama1.004	38	1.0	30387(97.3%)	1	0	1.0	30387	2
2017-11-07-3527	pfama1.001	53	1.0	657(83.7%)	1	0	1.0	657	4
2017-11-08-3336	pfama1.005	34	1.0	18775(96%)	1	0	1.0	18775	4
2017-11-08-3529	pfama1.016	16	1.0	355(81.6%)	1	0	1.0	355	4
2017-11-13-3541	pfama1.011	24	1.0	66959(93.8%)	1	0	1.0	66959	2
2017-11-13-3542	pfama1.000	64	0.8767127239623485	94(83.2%)	2	0	0.580483	54	2
2017-11-13-3542	pfama1.024	9	0.12328727603765148	94(83.2%)	2	1	0.41951700000000003	40	2
2017-11-13-3547	pfama1.007	33	1.0	31579(95%)	1	0	1.0	31579	2
2017-11-13-3557	pfama1.020	11	1.0	119407(99.5%)	1	0	1.0	119407	2
2017-11-13-3602	pfama1.000	64	0.2909098966943064	5055(96.2%)	7	0	0.34830906966181396	1745	2
2017-11-13-3602	pfama1.017	15	0.06818175774792701	5055(96.2%)	7	1	0.3160320632064127	1590	2
2017-11-13-3602	pfama1.020	11	0.04999995568181314	5055(96.2%)	7	2	0.1302120260424052	652	2
2017-11-13-3602	pfama1.007	33	0.15000004431818684	5055(96.2%)	7	3	0.12983702596740518	680	2
2017-11-13-3602	pfama1.023	10	0.04545450516528468	5055(96.2%)	7	4	0.03320240664048133	173	2
2017-11-13-3602	pfama1.001	53	0.2409083455577665	5055(96.2%)	7	5	0.02223520444704089	112	2
2017-11-13-3602	pfama1.005	34	0.1545454948347153	5055(96.2%)	7	6	0.020172204034440807	103	2
2017-11-13-3604	pfama1.013	22	0.22222244107748754	4366(52.8%)	3	0	0.512869	1864	2
2017-11-13-3604	pfama1.010	27	0.2727274517906716	4366(52.8%)	3	1	0.34066700000000005	1806	2
2017-11-13-3604	pfama1.002	50	0.505050107131841	4366(52.8%)	3	2	0.14646400000000004	696	2
2017-11-13-3719	pfama1.016	16	0.3199997503999451	44534(99.2%)	2	0	0.957327712801686	42394	2
2017-11-13-3719	pfama1.005	34	0.6800002496000549	44534(99.2%)	2	1	0.042672287198313834	2140	2
2017-11-14-3578	pfama1.020	11	0.07096765265350899	4084(95%)	8	0	0.333149	1353	2
2017-11-14-3578	pfama1.012	22	0.1419355569198563	4084(95%)	8	1	0.207364	860	2
2017-11-14-3578	pfama1.009	28	0.18064518563995208	4084(95%)	8	2	0.194251	792	2
2017-11-14-3578	pfama1.037	5	0.032258023933413184	4084(95%)	8	3	0.111269	447	2
2017-11-14-3578	pfama1.022	10	0.06451604786682637	4084(95%)	8	4	0.07349839999999999	299	2
2017-11-14-3578	pfama1.013	22	0.1419355569198563	4084(95%)	8	5	0.049620599999999994	205	2
2017-11-14-3578	pfama1.011	24	0.15483876649322154	4084(95%)	8	6	0.019555799999999998	80	2
2017-11-14-3578	pfama1.007	33	0.21290320957336525	4084(95%)	8	7	0.0112922	48	2
2017-11-14-3579	pfama1.032	5	1.0	9454(97.4%)	1	0	1.0	9454	2
2017-11-14-3580	pfama1.007	33	1.0	68325(90.9%)	1	0	1.0	68325	2
2017-11-14-3612	pfama1.009	28	0.30434734688185017	35002(68.3%)	2	0	0.5403479999999999	18924	2
2017-11-14-3612	pfama1.000	64	0.6956526531181498	35002(68.3%)	2	1	0.45965200000000006	16078	2
2017-11-14-3614	pfama1.001	53	1.0	1273(93.4%)	1	0	1.0	1273	2
2017-11-14-3615	pfama1.005	34	1.0	1621(94.9%)	1	0	1.0	1621	2
2017-11-14-3616	pfama1.001	53	1.0	20759(99.2%)	1	0	1.0	20759	2
2017-11-14-3617	pfama1.007	33	1.0	4649(97.1%)	1	0	1.0	4649	2
2017-11-15-3627	pfama1.006	34	1.0	49822(93%)	1	0	1.0	49822	2
2017-11-15-3630	pfama1.008	32	1.0	15786(99.1%)	1	0	1.0	15786	2
2017-11-15-3642	pfama1.001	53	1.0	20003(95.1%)	1	0	1.0	20003	2
2017-11-17-3779	pfama1.009	28	1.0	201966(99%)	1	0	1.0	201966	2
2017-11-20-3154	pfama1.000	64	1.0	98726(98.1%)	1	0	1.0	98726	2
2017-11-20-3190	pfama1.002	50	1.0	43552(97.5%)	1	0	1.0	43552	2
2017-11-20-3202	pfama1.028	7	0.5	510(92.1%)	2	0	0.771226	394	2
2017-11-20-3202	pfama1.027	7	0.5	510(92.1%)	2	1	0.22877399999999998	116	2
2017-11-20-3205	pfama1.028	7	0.09859122436099196	15690(66.5%)	2	0	0.76737	12003	2
2017-11-20-3205	pfama1.000	64	0.9014087756390081	15690(66.5%)	2	1	0.23263000000000003	3687	2
2017-11-20-3649	pfama1.000	64	1.0	32218(69.1%)	1	0	1.0	32218	2
2017-11-20-3659	pfama1.018	15	1.0	8379(98.7%)	1	0	1.0	8379	2
2017-11-20-3661	pfama1.007	33	1.0	377873(78.2%)	1	0	1.0	377873	3
2017-11-20-3665	pfama1.001	53	1.0	122188(98.4%)	1	0	1.0	122188	2
2017-11-21-3672	pfama1.024	9	0.18367346938775506	39262(96.6%)	2	0	0.9577695211152395	37604	2
2017-11-21-3672	pfama1.003	40	0.8163265306122448	39262(96.6%)	2	1	0.04223047888476056	1658	2
2017-11-21-3673	pfama1.005	34	1.0	48343(94.2%)	1	0	1.0	48343	2
2017-11-21-3677	pfama1.014	20	0.33898326371725407	163(90.6%)	3	0	0.5511495511495512	89	2
2017-11-21-3677	pfama1.010	27	0.45762717466243524	163(90.6%)	3	1	0.3227423227423228	54	2
2017-11-21-3677	pfama1.019	12	0.20338956162031066	163(90.6%)	3	2	0.1261081261081261	20	2
2017-11-21-3685	pfama1.030	7	0.5	26131(88.6%)	2	0	0.771062	20973	2
2017-11-21-3685	pfama1.029	7	0.5	26131(88.6%)	2	1	0.228938	5158	2
2017-11-22-3708	pfama1.005	34	1.0	152795(98.7%)	1	0	1.0	152795	2
2017-11-22-3709	pfama1.015	20	1.0	70296(95.7%)	1	0	1.0	70296	2
2017-11-22-3713	pfama1.022	10	1.0	59681(95.7%)	1	0	1.0	59681	2
2017-11-22-3714	pfama1.011	24	0.38709691623305387	10434(97.2%)	2	0	0.8354950000000001	8957	2
2017-11-22-3714	pfama1.004	38	0.6129030837669461	10434(97.2%)	2	1	0.16450499999999998	1477	2
2017-11-22-3719	pfama1.016	16	1.0	21284(93.2%)	1	0	1.0	21284	2
2017-11-22-3720	pfama1.002	50	0.7575757575757576	41802(91.7%)	2	0	0.663215	28706	2
2017-11-22-3720	pfama1.016	16	0.24242424242424243	41802(91.7%)	2	1	0.336785	13096	2
2017-11-22-3728	pfama1.004	38	1.0	48475(92.9%)	1	0	1.0	48475	2
2017-11-27-3746	pfama1.001	53	0.654320173295155	28580(95.2%)	2	0	0.711447	20407	2
2017-11-27-3746	pfama1.009	28	0.34567982670484504	28580(95.2%)	2	1	0.288553	8173	2
2017-11-27-3747	pfama1.002	50	1.0	8600(97.7%)	1	0	1.0	8600	2
2017-11-27-3758	pfama1.017	15	1.0	77539(86.5%)	1	0	1.0	77539	3
2017-11-27-3761	pfama1.007	33	1.0	7545(98.5%)	1	0	1.0	7545	2
2017-11-27-3766	pfama1.000	64	0.615385480768149	46873(87.6%)	2	0	0.542683	24854	2
2017-11-27-3766	pfama1.003	40	0.384614519231851	46873(87.6%)	2	1	0.45731700000000003	22019	2
2017-11-27-3773	pfama1.015	20	1.0	42730(91.7%)	1	0	1.0	42730	2
2017-11-27-3777	pfama1.007	33	0.5593219554725906	36167(79%)	3	0	0.47277800000000003	16785	2
2017-11-27-3777	pfama1.039	4	0.06779652054010354	36167(79%)	3	1	0.38586100000000007	13424	2
2017-11-27-3777	pfama1.012	22	0.37288152398730584	36167(79%)	3	2	0.14136100000000001	5958	2
2017-11-27-3779	pfama1.009	28	1.0	80097(80.9%)	1	0	1.0	80097	3
2017-11-28-3783	pfama1.003	40	1.0	32887(89.4%)	1	0	1.0	32887	2
2017-11-28-3785	pfama1.035	5	1.0	49324(59%)	1	0	1.0	49324	2
2017-11-28-3786	pfama1.005	34	0.33333346078434367	20820(87.9%)	3	0	0.5341043204625923	11297	2
2017-11-28-3786	pfama1.009	28	0.2745099763552885	20820(87.9%)	3	1	0.42688025612815367	8758	2
2017-11-28-3786	pfama1.003	40	0.39215656286036776	20820(87.9%)	3	2	0.03901542340925404	765	2
2017-11-28-3787	pfama1.003	40	1.0	99119(94.4%)	1	0	1.0	99119	2
2017-11-28-3805	pfama1.002	50	1.0	1411(97.6%)	1	0	1.0	1411	2
2017-11-28-3816	pfama1.000	64	1.0	2359(95.2%)	1	0	1.0	2359	2
2017-11-28-3818	pfama1.010	27	1.0	50822(96.9%)	1	0	1.0	50822	2
2017-11-29-3079	pfama1.012	22	1.0	46524(92.1%)	1	0	1.0	46524	2
2017-11-29-3093	pfama1.033	5	1.0	43295(95.2%)	1	0	1.0	43295	2
2017-11-29-3096	pfama1.006	34	0.34693875926697526	52372(90.6%)	5	0	0.4493361797344718	23444	2
2017-11-29-3096	pfama1.025	8	0.08163255560185147	52372(90.6%)	5	1	0.42112116844846736	22141	2
2017-11-29-3096	pfama1.026	8	0.08163255560185147	52372(90.6%)	5	2	0.09048423619369447	4702	2
2017-11-29-3096	pfama1.015	20	0.20408178696373525	52372(90.6%)	5	3	0.022744409097763638	1218	2
2017-11-29-3096	pfama1.009	28	0.2857143425655867	52372(90.6%)	5	4	0.016314006525602606	867	2
2017-11-29-3315	pfama1.019	12	0.37499954296884996	2398(92.7%)	2	0	0.763332	1841	2
2017-11-29-3315	pfama1.015	20	0.62500045703115	2398(92.7%)	2	1	0.236668	557	2
2017-11-29-3364	pfama1.016	16	1.0	50961(96.2%)	1	0	1.0	50961	2
2017-11-29-3510	pfama1.025	8	1.0	50869(86.1%)	1	0	1.0	50869	2
2017-12-04-3001	pfama1.003	40	1.0	35571(91.4%)	1	0	1.0	35247	2
2017-12-04-3055	pfama1.003	40	1.0	67927(91.5%)	1	0	1.0	67927	2
2017-12-04-3164	pfama1.013	22	0.2558135949169506	52943(95.6%)	2	0	0.5016	26418	2
2017-12-04-3164	pfama1.000	64	0.7441864050830495	52943(95.6%)	2	1	0.4984	26525	2
2017-12-05-3284	pfama1.023	10	1.0	49041(85.8%)	1	0	1.0	49041	2
2017-12-05-3285	pfama1.001	53	0.4380157031612604	597(89.6%)	5	0	0.6709033354516678	402	2
2017-12-05-3285	pfama1.006	34	0.2809921484193698	597(89.6%)	5	1	0.14355707177853588	83	2
2017-12-05-3285	pfama1.011	24	0.19834749368263627	597(89.6%)	5	2	0.14301507150753576	87	2
2017-12-05-3285	pfama1.039	4	0.03305786189469341	597(89.6%)	5	3	0.021621110810555403	13	2
2017-12-05-3285	pfama1.031	6	0.04958679284204012	597(89.6%)	5	4	0.02090341045170523	12	2
2017-12-05-3523	pfama1.004	38	1.0	8(100%)	1	0	1.0	8	1
2017-12-05-3527	pfama1.001	53	1.0	49041(94.3%)	1	0	1.0	49041	2
2017-12-06-3336	pfama1.005	34	0.9714286032653024	8135(95.7%)	2	0	0.9837232818258227	7736	1
2017-12-06-3336	pfama1.078	1	0.028571396734697514	8135(95.7%)	2	1	0.01627671817417728	128	1
2017-12-11-3540	pfama1.010	27	1.0	47949(77.2%)	1	0	1.0	47949	2
2017-12-11-3542	pfama1.006	34	0.20858884696458177	26315(96.7%)	4	0	0.8745507376347788	22791	2
2017-12-11-3542	pfama1.018	15	0.09202438575041452	26315(96.7%)	4	1	0.09734567079629876	2708	2
2017-12-11-3542	pfama1.002	50	0.3067479525013817	26315(96.7%)	4	2	0.015643195307041412	456	2
2017-12-11-3542	pfama1.000	64	0.3926388147836219	26315(96.7%)	4	3	0.012460396261881121	360	2
2017-12-11-3546	pfama1.010	27	0.49090910380164754	37416(74.8%)	2	0	0.8319340000000001	32438	2
2017-12-11-3546	pfama1.009	28	0.5090908961983526	37416(74.8%)	2	1	0.16806600000000002	4978	2
2017-12-11-3557	pfama1.020	11	1.0	32971(95.6%)	1	0	1.0	32971	2
2017-12-12-3575	pfama1.001	53	0.7162153900640444	107(93%)	3	0	0.607477	65	1
2017-12-12-3575	pfama1.015	20	0.2702710821784391	107(93%)	3	1	0.345794	37	1
2017-12-12-3575	pfama1.057	1	0.013513527757516474	107(93%)	3	2	0.046729	5	1
2017-12-12-3577	pfama1.000	64	1.0	7308(94.7%)	1	0	1.0	7308	2
2017-12-12-3578	pfama1.022	10	0.049019523500637485	8532(94.9%)	8	0	0.47596219038487614	4062	2
2017-12-12-3578	pfama1.009	28	0.13725485697811776	8532(94.9%)	8	1	0.13659405463762184	1138	2
2017-12-12-3578	pfama1.020	11	0.05392147585070123	8532(94.9%)	8	2	0.1087820435128174	935	2
2017-12-12-3578	pfama1.000	64	0.31372609746207686	8532(94.9%)	8	3	0.09475483790193516	811	2
2017-12-12-3578	pfama1.012	22	0.10784314287773529	8532(94.9%)	8	4	0.06946952778781113	581	2
2017-12-12-3578	pfama1.037	5	0.024509761750318743	8532(94.9%)	8	5	0.04539671815868726	425	2
2017-12-12-3578	pfama1.003	40	0.19607809400254994	8532(94.9%)	8	6	0.03788061515224606	318	2
2017-12-12-3578	pfama1.011	24	0.11764704757786278	8532(94.9%)	8	7	0.031160012464004988	262	2
2017-12-12-3579	pfama1.032	5	1.0	232(87.5%)	1	0	1.0	232	2
2017-12-12-3580	pfama1.007	33	1.0	24404(96.8%)	1	0	1.0	24404	2
2017-12-12-3602	pfama1.023	10	0.135134707816848	24(70.6%)	2	0	0.5444439999999999	13	2
2017-12-12-3602	pfama1.000	64	0.864865292183152	24(70.6%)	2	1	0.455556	11	2
2017-12-12-3604	pfama1.036	5	0.011337858353771268	67518(94.6%)	15	0	0.1653998842200811	11166	2
2017-12-12-3604	pfama1.000	64	0.14512511754057378	67518(94.6%)	15	1	0.12737991083406244	8575	2
2017-12-12-3604	pfama1.017	15	0.034013575061313805	67518(94.6%)	15	2	0.11020592285585402	7468	2
2017-12-12-3604	pfama1.006	34	0.07709752524102821	67518(94.6%)	15	3	0.10459792678145127	7078	2
2017-12-12-3604	pfama1.004	38	0.08616781192404521	67518(94.6%)	15	4	0.08866693793314347	5996	2
2017-12-12-3604	pfama1.013	22	0.049886665191977174	67518(94.6%)	15	5	0.0850572404599317	5738	2
2017-12-12-3604	pfama1.009	28	0.06349209521650269	67518(94.6%)	15	6	0.08197744261579018	5537	2
2017-12-12-3604	pfama1.003	40	0.09070286683017015	67518(94.6%)	15	7	0.05735965984823812	3862	2
2017-12-12-3604	pfama1.002	50	0.11337858353771266	67518(94.6%)	15	8	0.05118106417325509	3444	2
2017-12-12-3604	pfama1.001	53	0.12018103324382463	67518(94.6%)	15	9	0.036403974517217844	2448	2
2017-12-12-3604	pfama1.015	20	0.045351521850468667	67518(94.6%)	15	10	0.03488447558086711	2379	2
2017-12-12-3604	pfama1.042	2	0.0045351521850468665	67518(94.6%)	15	11	0.016734288285998204	1125	2
2017-12-12-3604	pfama1.021	11	0.024943288378296787	67518(94.6%)	15	12	0.015480289163797588	1043	2
2017-12-12-3604	pfama1.008	32	0.07256238189951972	67518(94.6%)	15	13	0.014559189808567139	981	2
2017-12-12-3604	pfama1.010	27	0.061224523545748435	67518(94.6%)	15	14	0.010111792921744956	678	2
2017-12-12-3614	pfama1.001	53	1.0	335(95.7%)	1	0	1.0	335	2
2017-12-12-3617	pfama1.007	33	1.0	18579(97.5%)	1	0	1.0	18579	1
2017-12-13-3630	pfama1.008	32	1.0	9868(97.2%)	1	0	1.0	9868	2
2017-12-13-3637	pfama1.004	38	0.974359	17749(94%)	2	0	0.9942345047312044	17417	1
2017-12-13-3637	pfama1.147	1	0.025641	17749(94%)	2	1	0.00576549526879555	101	1
2017-12-13-3642	pfama1.001	53	1.0	28887(87.5%)	1	0	1.0	28887	3
2017-12-18-3122	pfama1.002	50	1.0	23(65.7%)	1	0	1.0	23	2
2017-12-18-3148	pfama1.002	50	1.0	20625(96.5%)	1	0	1.0	20625	2
2017-12-18-3154	pfama1.000	64	1.0	82961(99.3%)	1	0	1.0	82961	2
2017-12-18-3190	pfama1.002	50	1.0	732(92.9%)	1	0	1.0	732	2
2017-12-18-3205	pfama1.028	7	0.08974332051335897	13433(96.3%)	3	0	0.7484454490672694	10096	2
2017-12-18-3205	pfama1.027	7	0.08974332051335897	13433(96.3%)	3	1	0.24015914409548644	3186	2
2017-12-18-3205	pfama1.000	64	0.820513358973282	13433(96.3%)	3	2	0.0113954068372441	151	2
2017-12-18-3649	pfama1.001	53	0.9464283935900242	18694(93.5%)	3	0	0.9706643192987575	18000	1
2017-12-18-3649	pfama1.076	1	0.01785717892230278	18694(93.5%)	3	1	0.017256259045705023	320	1
2017-12-18-3649	pfama1.044	2	0.035714427487673006	18694(93.5%)	3	2	0.012079421655537536	224	1
2017-12-18-3659	pfama1.018	15	0.4054049780862174	463(92%)	2	0	0.5418500225891097	246	1
2017-12-18-3659	pfama1.012	22	0.5945950219137826	463(92%)	2	1	0.45814997741089025	208	1
2017-12-18-3665	pfama1.001	53	1.0	211(87.2%)	1	0	1.0	211	2
2017-12-18-3824	pfama1.000	64	0.9696970198345802	26487(82.5%)	2	0	0.9921338809439343	26271	2
2017-12-18-3824	pfama1.046	2	0.030302980165419845	26487(82.5%)	2	1	0.007866119056065714	216	2
2017-12-19-3672	pfama1.012	22	0.7096777845992813	13603(97.5%)	2	0	0.955771713268486	12992	2
2017-12-19-3672	pfama1.024	9	0.29032221540071856	13603(97.5%)	2	1	0.04422828673151398	611	2
2017-12-19-3673	pfama1.010	27	0.442623024187026	4286(95.2%)	2	0	0.675942	2848	2
2017-12-19-3673	pfama1.005	34	0.5573769758129739	4286(95.2%)	2	1	0.324058	1438	2
2017-12-19-3677	pfama1.019	12	0.10714289445158093	2754(95.9%)	4	0	0.6137622455048982	1690	2
2017-12-19-3677	pfama1.001	53	0.4732134058502168	2754(95.9%)	4	1	0.262328104931242	723	2
2017-12-19-3677	pfama1.010	27	0.24107186073081224	2754(95.9%)	4	2	0.09615193846077537	265	2
2017-12-19-3677	pfama1.014	20	0.17857183896739007	2754(95.9%)	4	3	0.02775771110308444	76	2
2017-12-19-3681	pfama1.005	34	0.9444445046296246	18991(95%)	3	0	0.9874138758147637	18201	1
2017-12-19-3681	pfama1.131	1	0.027777747685187693	18991(95%)	3	1	0.006727069394630928	124	1
2017-12-19-3681	pfama1.148	1	0.027777747685187693	18991(95%)	3	2	0.005859054790605372	108	1
2017-12-19-3685	pfama1.030	7	0.4666666666666667	434(94.1%)	3	0	0.8133643334793768	353	1
2017-12-19-3685	pfama1.029	7	0.4666666666666667	434(94.1%)	3	1	0.1774190727418198	77	1
2017-12-19-3685	pfama1.100	1	0.06666666666666667	434(94.1%)	3	2	0.00921659377880345	4	1
2017-12-20-3708	pfama1.005	34	1.0	120180(98.3%)	1	0	1.0	120180	2
2017-12-20-3709	pfama1.015	20	1.0	25904(97.9%)	1	0	1.0	25904	2
2017-12-20-3713	pfama1.022	10	1.0	33917(89.7%)	1	0	1.0	33917	2
2017-12-20-3714	pfama1.004	38	0.6129030837669461	46713(92.7%)	2	0	0.8429530000000001	39390	2
2017-12-20-3714	pfama1.011	24	0.38709691623305387	46713(92.7%)	2	1	0.157047	7323	2
2017-12-20-3720	pfama1.002	50	1.0	40308(92.8%)	1	0	1.0	40308	2
2017-12-20-3728	pfama1.004	38	1.0	43449(93.8%)	1	0	1.0	43449	2
2017-12-27-3747	pfama1.002	50	1.0	80(94.1%)	1	0	1.0	80	2
2017-12-27-3758	pfama1.017	15	0.8823529411764706	7027(93.3%)	3	0	0.864806783798304	6077	1
2017-12-27-3758	pfama1.052	1	0.0588235294117647	7027(93.3%)	3	1	0.12907396773150806	907	1
2017-12-27-3758	pfama1.137	1	0.0588235294117647	7027(93.3%)	3	2	0.0061192484701878816	43	1
2017-12-27-3762	pfama1.008	32	1.0	221(90.2%)	1	0	1.0	221	2
2017-12-27-3766	pfama1.003	40	1.0	66(94.3%)	1	0	1.0	66	1
2017-12-27-3777	pfama1.012	22	0.27848109389517006	27289(86.5%)	4	0	0.5859860585986059	14610	2
2017-12-27-3777	pfama1.007	33	0.4177213940074307	27289(86.5%)	4	1	0.21205802120580214	6719	2
2017-12-27-3777	pfama1.014	20	0.2531646756929408	27289(86.5%)	4	2	0.11617801161780117	3314	2
2017-12-27-3777	pfama1.039	4	0.05063283640445843	27289(86.5%)	4	3	0.08577790857779087	2646	2
2017-12-28-3785	pfama1.000	64	0.9275364776301621	63299(93.6%)	2	0	0.9167628166474366	57976	2
2017-12-28-3785	pfama1.035	5	0.07246352236983782	63299(93.6%)	2	1	0.08323718335256333	5323	2
2017-12-28-3786	pfama1.005	34	0.220779306291132	24461(96.9%)	4	0	0.8038737588378724	19643	2
2017-12-28-3786	pfama1.008	32	0.20779230317087802	24461(96.9%)	4	1	0.12154996353501095	2975	2
2017-12-28-3786	pfama1.004	38	0.24675331253163998	24461(96.9%)	4	2	0.04457658662702401	1108	2
2017-12-28-3786	pfama1.002	50	0.3246750780063498	24461(96.9%)	4	3	0.029999691000092702	735	2
2017-12-28-3787	pfama1.003	40	1.0	50023(94%)	1	0	1.0	50023	2
2017-12-28-3816	pfama1.000	64	1.0	12898(96.4%)	1	0	1.0	12898	2
2017-12-28-3818	pfama1.010	27	1.0	29320(95.4%)	1	0	1.0	29320	2
2017-12-29-3093	pfama1.033	5	1.0	35323(89.1%)	1	0	1.0	35323	3
2017-12-29-3095	pfama1.007	33	1.0	576(95.8%)	1	0	1.0	576	2
2017-12-29-3096	pfama1.009	28	0.4000001114285587	3990(97.8%)	3	0	0.5205511561653469	2077	1
2017-12-29-3096	pfama1.026	8	0.11428558693879005	3990(97.8%)	3	1	0.4503761351128406	1797	1
2017-12-29-3096	pfama1.006	34	0.4857143016326512	3990(97.8%)	3	2	0.029072708721812623	116	1
2017-12-29-3315	pfama1.019	12	1.0	24(96%)	1	0	1.0	24	2
2017-12-29-3364	pfama1.016	16	1.0	96(96%)	1	0	1.0	96	2
2018-01-03-3164	pfama1.000	64	0.7441864050830495	37668(98.5%)	2	0	0.8452280000000001	31923	2
2018-01-03-3164	pfama1.013	22	0.2558135949169506	37668(98.5%)	2	1	0.154772	5745	2
2018-01-04-3285	pfama1.011	24	0.1889767430719634	84046(95.9%)	5	0	0.6381996681361726	53173	2
2018-01-04-3285	pfama1.001	53	0.41732204153904645	84046(95.9%)	5	1	0.19737489736505337	16814	2
2018-01-04-3285	pfama1.023	10	0.07874018166039495	84046(95.9%)	5	2	0.12022793748147252	10185	2
2018-01-04-3285	pfama1.031	6	0.04724410899623696	84046(95.9%)	5	3	0.03672208090451793	3217	2
2018-01-04-3285	pfama1.006	34	0.2677169247323583	84046(95.9%)	5	4	0.007475416112783621	657	2
2018-01-04-3523	pfama1.004	38	1.0	45796(92.8%)	1	0	1.0	45796	2
2018-01-04-3527	pfama1.001	53	1.0	76742(90.4%)	1	0	1.0	76742	2
2018-01-08-3540	pfama1.010	27	0.8709679042663473	12923(84.6%)	5	0	0.8641503571614475	11081	1
2018-01-08-3540	pfama1.053	1	0.03225802393341318	12923(84.6%)	5	1	0.10348584070114189	1327	1
2018-01-08-3540	pfama1.084	1	0.03225802393341318	12923(84.6%)	5	2	0.013101487828786238	168	1
2018-01-08-3540	pfama1.092	1	0.03225802393341318	12923(84.6%)	5	3	0.011931735525121482	153	1
2018-01-08-3540	pfama1.121	1	0.03225802393341318	12923(84.6%)	5	4	0.007330578783502956	94	1
2018-01-08-3541	pfama1.011	24	0.960000062399965	26098(81.3%)	2	0	0.9920015436792898	25890	2
2018-01-08-3541	pfama1.109	1	0.039999937600034945	26098(81.3%)	2	1	0.007998456320710093	208	2
2018-01-08-3542	pfama1.024	9	0.08910880766593146	38245(87.3%)	4	0	0.8609437417168776	32864	2
2018-01-08-3542	pfama1.006	34	0.33663365954318264	38245(87.3%)	4	1	0.0720100783969765	2798	2
2018-01-08-3542	pfama1.004	38	0.37623757406137437	38245(87.3%)	4	2	0.05650788304763509	2180	2
2018-01-08-3542	pfama1.014	20	0.1980199587295115	38245(87.3%)	4	3	0.010538296838510947	403	2
2018-01-08-3546	pfama1.010	27	0.49090910380164754	68982(71.8%)	2	0	0.703321	48488	2
2018-01-08-3546	pfama1.009	28	0.5090908961983526	68982(71.8%)	2	1	0.29667899999999997	20494	2
2018-01-09-3575	pfama1.000	64	0.9552239813764415	18741(83.9%)	3	0	0.972542694616174	17958	1
2018-01-09-3575	pfama1.073	1	0.014925320138250571	18741(83.9%)	3	1	0.021445935580043433	396	1
2018-01-09-3575	pfama1.046	2	0.029850698485307893	18741(83.9%)	3	2	0.006011369803782493	111	1
2018-01-09-3578	pfama1.020	11	0.09821421731503027	58703(80.1%)	5	0	0.3589943230948908	20657	2
2018-01-09-3578	pfama1.012	22	0.19642878284445198	58703(80.1%)	5	1	0.24785522306970081	15322	2
2018-01-09-3578	pfama1.037	5	0.04464282605228649	58703(80.1%)	5	2	0.1760451584406426	10495	2
2018-01-09-3578	pfama1.003	40	0.35714260841829193	58703(80.1%)	5	3	0.13708412337571102	7725	2
2018-01-09-3578	pfama1.005	34	0.3035715653699395	58703(80.1%)	5	4	0.08002117201905481	4504	2
2018-01-09-3579	pfama1.032	5	1.0	41106(91.8%)	1	0	1.0	41106	2
2018-01-09-3602	pfama1.017	15	0.07142850510203609	28885(79.6%)	6	0	0.4170327914836042	11968	2
2018-01-09-3602	pfama1.000	64	0.3047627360544812	28885(79.6%)	6	1	0.26196986901506547	7831	2
2018-01-09-3602	pfama1.005	34	0.1619047972789141	28885(79.6%)	6	2	0.11779294110352945	3092	2
2018-01-09-3602	pfama1.020	11	0.05238090374149313	28885(79.6%)	6	3	0.11493494253252873	3266	2
2018-01-09-3602	pfama1.001	53	0.2523801608842972	28885(79.6%)	6	4	0.049187675406162285	1366	2
2018-01-09-3602	pfama1.007	33	0.15714289693877836	28885(79.6%)	6	5	0.039081780459109774	1362	2
2018-01-09-3604	pfama1.017	15	0.0717702679654725	91091(91.8%)	8	0	0.5247831469392812	47816	2
2018-01-09-3604	pfama1.013	22	0.10526324628557632	91091(91.8%)	8	1	0.21707206078017705	19980	2
2018-01-09-3604	pfama1.010	27	0.1291866689407338	91091(91.8%)	8	2	0.12160103404828956	10878	2
2018-01-09-3604	pfama1.004	38	0.1818181987820803	91091(91.8%)	8	3	0.08320462329729454	7536	2
2018-01-09-3604	pfama1.003	40	0.19138738124126004	91091(91.8%)	8	4	0.017196904815133352	1551	2
2018-01-09-3604	pfama1.008	32	0.15311009159589134	91091(91.8%)	8	5	0.01592400445872125	1475	2
2018-01-09-3604	pfama1.021	11	0.0526315298413465	91091(91.8%)	8	6	0.01261280353158499	1178	2
2018-01-09-3604	pfama1.011	24	0.1148326153476393	91091(91.8%)	8	7	0.007605422129518198	677	2
2018-01-09-3614	pfama1.001	53	1.0	48374(92.8%)	1	0	1.0	48374	2
2018-01-09-3615	pfama1.005	34	0.9444445046296246	22409(92.3%)	3	0	0.97429600974296	21833	1
2018-01-09-3615	pfama1.075	1	0.027777747685187693	22409(92.3%)	3	1	0.017850000178500004	400	1
2018-01-09-3615	pfama1.110	1	0.027777747685187693	22409(92.3%)	3	2	0.007853990078539902	176	1
2018-01-09-3616	pfama1.001	53	1.0	57664(94.4%)	1	0	1.0	57664	2
2018-01-10-3630	pfama1.008	32	1.0	57132(97.3%)	1	0	1.0	57132	2
2018-01-10-3635	pfama1.007	33	0.9428571014693972	38494(91.5%)	2	0	0.9930146623750148	38227	2
2018-01-10-3635	pfama1.045	2	0.05714289853060291	38494(91.5%)	2	1	0.006985337624985208	267	2
2018-01-15-3122	pfama1.002	50	1.0	29603(62.7%)	1	0	1.0	29603	2
2018-01-15-3148	pfama1.002	50	0.9615383894230103	10356(84.8%)	2	0	0.9925425086521534	9982	1
2018-01-15-3148	pfama1.047	2	0.03846161057698979	10356(84.8%)	2	1	0.007457491347846584	75	1
2018-01-15-3154	pfama1.000	64	1.0	46524(93.7%)	1	0	1.0	46524	2
2018-01-15-3190	pfama1.002	50	1.0	44785(96%)	1	0	1.0	44785	2
2018-01-15-3658	pfama1.002	50	1.0	42701(91.6%)	1	0	1.0	42701	2
2018-01-15-3659	pfama1.012	22	1.0	43490(91.1%)	1	0	1.0	43490	2
2018-01-15-3665	pfama1.001	53	1.0	43399(91.2%)	1	0	1.0	43399	2
2018-01-15-3825	pfama1.000	64	1.0	42567(91.3%)	1	0	1.0	42567	2
2018-01-16-3672	pfama1.012	22	1.0	36485(77.9%)	1	0	1.0	36485	2
2018-01-16-3677	pfama1.019	12	0.07407409190674366	19360(62.2%)	5	0	0.409807	7210	2
2018-01-16-3677	pfama1.010	27	0.16666694753121267	19360(62.2%)	5	1	0.371531	7861	2
2018-01-16-3677	pfama1.002	50	0.30864204961143193	19360(62.2%)	5	2	0.135684	2956	2
2018-01-16-3677	pfama1.001	53	0.3271598503649995	19360(62.2%)	5	3	0.045171499999999996	626	2
2018-01-16-3677	pfama1.014	20	0.12345706058561222	19360(62.2%)	5	4	0.0378065	707	2
2018-01-16-3685	pfama1.029	7	0.5	63274(97.8%)	2	0	0.869851	55051	2
2018-01-16-3685	pfama1.030	7	0.5	63274(97.8%)	2	1	0.13014900000000001	8223	2
2018-01-17-3205	pfama1.027	7	0.08974332051335897	38256(83.9%)	3	0	0.8617140861714085	32590	2
2018-01-17-3205	pfama1.028	7	0.08974332051335897	38256(83.9%)	3	1	0.10415301041530103	4360	2
2018-01-17-3205	pfama1.000	64	0.820513358973282	38256(83.9%)	3	2	0.03413290341329034	1306	2
2018-01-17-3709	pfama1.015	20	1.0	85072(90.2%)	1	0	1.0	85072	2
2018-01-17-3713	pfama1.022	10	1.0	50890(93.1%)	1	0	1.0	50890	2
2018-01-17-3714	pfama1.004	38	0.6129030837669461	48042(89.4%)	2	0	0.685706	33060	2
2018-01-17-3714	pfama1.011	24	0.38709691623305387	48042(89.4%)	2	1	0.314294	14982	2
2018-01-17-3728	pfama1.004	38	1.0	52403(83.3%)	1	0	1.0	52403	2
2018-01-22-3746	pfama1.009	28	0.34567982670484504	33977(76.4%)	2	0	0.578017	20177	2
2018-01-22-3746	pfama1.001	53	0.654320173295155	33977(76.4%)	2	1	0.421983	13800	2
2018-01-22-3747	pfama1.002	50	0.9615383894230103	55724(87.6%)	2	0	0.9942067216221181	55404	2
2018-01-22-3747	pfama1.047	2	0.03846161057698979	55724(87.6%)	2	1	0.0057932783778820544	320	2
2018-01-22-3761	pfama1.007	33	1.0	79023(95.1%)	1	0	1.0	79023	2
2018-01-22-3762	pfama1.008	32	1.0	76540(86.6%)	1	0	1.0	76540	2
2018-01-22-3766	pfama1.003	40	0.384614519231851	32946(79.3%)	2	0	0.609949	20054	2
2018-01-22-3766	pfama1.000	64	0.615385480768149	32946(79.3%)	2	1	0.39005100000000004	12892	2
2018-01-22-3777	pfama1.014	20	0.37735867105723064	61581(86.9%)	2	0	0.9196570919657092	56317	2
2018-01-22-3777	pfama1.007	33	0.6226413289427692	61581(86.9%)	2	1	0.0803429080342908	5264	2
2018-01-23-3805	pfama1.002	50	1.0	427579(74.9%)	1	0	1.0	427579	3
2018-01-23-3815	pfama1.000	64	1.0	44451(93.5%)	1	0	1.0	44451	2
2018-01-23-3816	pfama1.000	64	1.0	34484(92.9%)	1	0	1.0	34484	2
2018-01-23-3818	pfama1.010	27	1.0	38928(88.9%)	1	0	1.0	38928	2
2018-01-24-3079	pfama1.012	22	1.0	42492(91%)	1	0	1.0	42492	2
2018-01-24-3095	pfama1.007	33	1.0	44989(94.7%)	1	0	1.0	44989	2
2018-01-24-3096	pfama1.013	22	0.2619048613945188	46745(82.2%)	4	0	0.8159126690483886	38020	2
2018-01-24-3096	pfama1.006	34	0.40476180527214795	46745(82.2%)	4	1	0.13889611389481338	6665	2
2018-01-24-3096	pfama1.026	8	0.09523796258508613	46745(82.2%)	4	2	0.035796829353400075	1611	2
2018-01-24-3096	pfama1.015	20	0.23809537074824724	46745(82.2%)	4	3	0.009394387703397917	449	2
2018-01-24-3315	pfama1.008	32	0.3232323351698785	40550(85.2%)	5	0	0.8428483371393348	34157	2
2018-01-24-3315	pfama1.019	12	0.12121197796145854	40550(85.2%)	5	1	0.08541713416685368	3337	2
2018-01-24-3315	pfama1.063	1	0.010100998163454878	40550(85.2%)	5	2	0.030271812108724844	1214	2
2018-01-24-3315	pfama1.015	20	0.2020203572084199	40550(85.2%)	5	3	0.02344230937692375	1104	2
2018-01-24-3315	pfama1.006	34	0.34343433149678815	40550(85.2%)	5	4	0.018020407208162885	738	2
2018-01-24-3364	pfama1.016	16	1.0	46190(93.3%)	1	0	1.0	46190	2
2018-01-24-3505	pfama1.034	5	1.0	59621(93.6%)	1	0	1.0	59621	2
2018-01-24-3510	pfama1.025	8	1.0	58438(91.9%)	1	0	1.0	58438	2
2018-01-24-3785	pfama1.035	5	1.0	58262(87.8%)	1	0	1.0	58262	2
2018-01-24-3786	pfama1.004	38	0.2345680290352743	47021(89.3%)	4	0	0.8988978471873659	42230	2
2018-01-24-3786	pfama1.005	34	0.20987668289902076	47021(89.3%)	4	1	0.07791988675361924	3686	2
2018-01-24-3786	pfama1.003	40	0.24691346136253556	47021(89.3%)	4	2	0.014004097619303404	667	2
2018-01-24-3786	pfama1.002	50	0.30864182670316936	47021(89.3%)	4	3	0.009178168439711363	438	2
2018-01-24-3787	pfama1.003	40	1.0	41701(92.4%)	1	0	1.0	41701	2
2018-01-26-3154	pfama1.000	64	1.0	169479(98.6%)	1	0	1.0	169479	2
2018-01-29-3164	pfama1.013	22	0.2558135949169506	44103(94.8%)	2	0	0.677784	29906	2
2018-01-29-3164	pfama1.000	64	0.7441864050830495	44103(94.8%)	2	1	0.322216	14197	2
2018-01-29-3521	pfama1.000	64	1.0	66744(90.6%)	1	0	1.0	66744	2
2018-01-30-3285	pfama1.002	50	0.49999980499988106	51907(95%)	4	0	0.366554	20121	2
2018-01-30-3285	pfama1.023	10	0.09999996099997624	51907(95%)	4	1	0.27220900000000003	14032	2
2018-01-30-3285	pfama1.006	34	0.34000025740015705	51907(95%)	4	2	0.21078899999999998	9726	2
2018-01-30-3285	pfama1.031	6	0.05999997659998573	51907(95%)	4	3	0.150448	8028	2
2018-01-30-3523	pfama1.004	38	1.0	48505(90.3%)	1	0	1.0	48505	2
2018-01-30-3525	pfama1.014	20	1.0	98910(91.1%)	1	0	1.0	98910	2
2018-01-30-3677	pfama1.002	50	0.3521128694706428	42177(79%)	4	0	0.5356798928640214	22588	2
2018-01-30-3677	pfama1.019	12	0.08450708867295428	42177(79%)	4	1	0.299525940094812	12628	2
2018-01-30-3677	pfama1.001	53	0.3732388176939429	42177(79%)	4	2	0.11006097798780438	4625	2
2018-01-30-3677	pfama1.010	27	0.19014122416245996	42177(79%)	4	3	0.054733189053362184	2336	2
2018-02-05-3540	pfama1.006	34	1.0	42969(50%)	1	0	1.0	42969	2
2018-02-05-3541	pfama1.011	24	1.0	86903(88.3%)	1	0	1.0	86903	2
2018-02-05-3542	pfama1.002	50	0.38167916205340147	54027(98.3%)	4	0	0.9136778172644365	49374	2
2018-02-05-3542	pfama1.024	9	0.06870224916961228	54027(98.3%)	4	1	0.04942169011566197	2662	2
2018-02-05-3542	pfama1.004	38	0.2900764608706292	54027(98.3%)	4	2	0.022459595508080892	1208	2
2018-02-05-3542	pfama1.006	34	0.2595421279063571	54027(98.3%)	4	3	0.014440897111820575	783	2
2018-02-06-3546	pfama1.010	27	0.8437501904296458	130331(85.2%)	6	0	0.9161917138166867	108019	1
2018-02-06-3546	pfama1.059	1	0.03124996191407083	130331(85.2%)	6	1	0.04592029520650901	5414	1
2018-02-06-3546	pfama1.079	1	0.03124996191407083	130331(85.2%)	6	2	0.016369753289233326	1930	1
2018-02-06-3546	pfama1.117	1	0.03124996191407083	130331(85.2%)	6	3	0.008295166094230855	978	1
2018-02-06-3546	pfama1.135	1	0.03124996191407083	130331(85.2%)	6	4	0.006827820073148536	805	1
2018-02-06-3546	pfama1.145	1	0.03124996191407083	130331(85.2%)	6	5	0.006395251520191438	754	1
2018-02-06-3577	pfama1.000	64	0.9696970771347125	37106(91.3%)	3	0	0.8032392008098002	29805	1
2018-02-06-3577	pfama1.050	1	0.015151461432643622	37106(91.3%)	3	1	0.1891070472767618	7017	1
2018-02-06-3577	pfama1.115	1	0.015151461432643622	37106(91.3%)	3	2	0.0076537519134379775	284	1
2018-02-06-3578	pfama1.020	11	0.0391458422766103	39793(70.9%)	10	0	0.21221793633461913	8450	2
2018-02-06-3578	pfama1.009	28	0.09964410094858761	39793(70.9%)	10	1	0.1506269548119136	6020	2
2018-02-06-3578	pfama1.013	22	0.07829182334316383	39793(70.9%)	10	2	0.1284729614581116	5118	2
2018-02-06-3578	pfama1.022	10	0.03558712934237301	39793(70.9%)	10	3	0.11042696687190996	4414	2
2018-02-06-3578	pfama1.000	64	0.22775846053084653	39793(70.9%)	10	4	0.10988096703570992	4317	2
2018-02-06-3578	pfama1.011	24	0.08540924921163842	39793(70.9%)	10	5	0.09473617157914854	3794	2
2018-02-06-3578	pfama1.007	33	0.11743766561977412	39793(70.9%)	10	6	0.06569138029258592	2625	2
2018-02-06-3578	pfama1.012	22	0.07829182334316383	39793(70.9%)	10	7	0.048553585433924386	1904	2
2018-02-06-3578	pfama1.003	40	0.14234851736949203	39793(70.9%)	10	8	0.04143018757094373	1639	2
2018-02-06-3578	pfama1.010	27	0.09608538801435032	39793(70.9%)	10	9	0.03796288861113343	1512	2
2018-02-06-3579	pfama1.032	5	1.0	87893(87.4%)	1	0	1.0	87893	2
2018-02-06-3602	pfama1.009	28	0.11290327653486237	37055(73.9%)	8	0	0.27977688808924484	10350	2
2018-02-06-3602	pfama1.001	53	0.2137090039997018	37055(73.9%)	8	1	0.2572218971112412	9603	2
2018-02-06-3602	pfama1.020	11	0.04435479685873853	37055(73.9%)	8	2	0.16142693542922584	5977	2
2018-02-06-3602	pfama1.000	64	0.2580652161811009	37055(73.9%)	8	3	0.143512942594823	5299	2
2018-02-06-3602	pfama1.005	34	0.1370968020941743	37055(73.9%)	8	4	0.08667596532961389	3149	2
2018-02-06-3602	pfama1.007	33	0.13306454783428898	37055(73.9%)	8	5	0.035930285627885764	1346	2
2018-02-06-3602	pfama1.023	10	0.04032254259885321	37055(73.9%)	8	6	0.022576590969363614	857	2
2018-02-06-3602	pfama1.017	15	0.060483813898279816	37055(73.9%)	8	7	0.012878494848602063	474	2
2018-02-06-3614	pfama1.001	53	0.9298243537389925	250706(65.3%)	3	0	0.7279178544164291	179984	2
2018-02-06-3614	pfama1.040	3	0.052631751801069854	250706(65.3%)	3	1	0.24296895140620972	64187	2
2018-02-06-3614	pfama1.065	1	0.01754389445993768	250706(65.3%)	3	2	0.02911319417736116	6535	2
2018-02-06-3616	pfama1.001	53	1.0	42873(91.2%)	1	0	1.0	42873	2
2018-02-06-3617	pfama1.003	40	0.09070286683017013	93339(93%)	15	0	0.17979100000000003	16709	2
2018-02-06-3617	pfama1.008	32	0.0725623818995197	93339(93%)	15	1	0.134754	12546	2
2018-02-06-3617	pfama1.015	20	0.04535152185046866	93339(93%)	15	2	0.13212400000000002	12293	2
2018-02-06-3617	pfama1.001	53	0.12018103324382462	93339(93%)	15	3	0.129586	12103	2
2018-02-06-3617	pfama1.000	64	0.14512511754057375	93339(93%)	15	4	0.10333	9651	2
2018-02-06-3617	pfama1.017	15	0.0340135750613138	93339(93%)	15	5	0.05744520000000001	5398	2
2018-02-06-3617	pfama1.042	2	0.004535152185046866	93339(93%)	15	6	0.0494886	4589	2
2018-02-06-3617	pfama1.002	50	0.11337858353771264	93339(93%)	15	7	0.044958700000000004	4215	2
2018-02-06-3617	pfama1.006	34	0.0770975252410282	93339(93%)	15	8	0.04234860000000001	3927	2
2018-02-06-3617	pfama1.013	22	0.04988666519197717	93339(93%)	15	9	0.028125800000000003	2702	2
2018-02-06-3617	pfama1.009	28	0.06349209521650268	93339(93%)	15	10	0.023548700000000002	2199	2
2018-02-06-3617	pfama1.010	27	0.06122452354574842	93339(93%)	15	11	0.023466700000000004	2218	2
2018-02-06-3617	pfama1.036	5	0.011337858353771267	93339(93%)	15	12	0.019960500000000003	1848	2
2018-02-06-3617	pfama1.021	11	0.024943288378296784	93339(93%)	15	13	0.016576300000000006	1560	2
2018-02-06-3617	pfama1.004	38	0.0861678119240452	93339(93%)	15	14	0.014495900000000003	1381	2
2018-02-07-3630	pfama1.008	32	1.0	39498(89%)	1	0	1.0	39498	2
2018-02-07-3635	pfama1.007	33	1.0	119486(98.6%)	1	0	1.0	119486	2
2018-02-07-3642	pfama1.001	53	1.0	48796(88.6%)	1	0	1.0	48796	2
2018-02-12-3122	pfama1.002	50	1.0	68160(88.6%)	1	0	1.0	68160	2
2018-02-12-3154	pfama1.000	64	1.0	48387(86.1%)	1	0	1.0	48387	2
2018-02-12-3190	pfama1.002	50	1.0	69643(95.9%)	1	0	1.0	69643	2
2018-02-12-3202	pfama1.027	7	1.0	41673(92.6%)	1	0	1.0	41673	2
2018-02-12-3205	pfama1.027	7	0.08974332051335897	38151(83.9%)	3	0	0.8363057491082753	32079	2
2018-02-12-3205	pfama1.028	7	0.08974332051335897	38151(83.9%)	3	1	0.1274229617731115	4711	2
2018-02-12-3205	pfama1.000	64	0.820513358973282	38151(83.9%)	3	2	0.03627128911861326	1361	2
2018-02-12-3659	pfama1.018	15	0.6818181818181819	52504(97.4%)	2	0	0.9806669019333097	51528	2
2018-02-12-3659	pfama1.029	7	0.3181818181818181	52504(97.4%)	2	1	0.01933309806669019	976	2
2018-02-12-3665	pfama1.001	53	1.0	62413(94.5%)	1	0	1.0	62413	2
2018-02-13-3672	pfama1.003	40	0.8163265306122448	67005(77.2%)	2	0	0.8496319999999999	55356	2
2018-02-13-3672	pfama1.024	9	0.18367346938775506	67005(77.2%)	2	1	0.150368	11649	2
2018-02-13-3677	pfama1.019	12	1.0	30556(78.6%)	1	0	1.0	30556	2
2018-02-13-3685	pfama1.029	7	0.5	42634(82.3%)	2	0	0.7729199999999999	32921	2
2018-02-13-3685	pfama1.030	7	0.5	42634(82.3%)	2	1	0.22708000000000003	9713	2
2018-02-14-3708	pfama1.005	34	1.0	112770(98.5%)	1	0	1.0	112770	2
2018-02-14-3709	pfama1.015	20	1.0	60105(94.3%)	1	0	1.0	60105	2
2018-02-14-3713	pfama1.022	10	1.0	76608(87.1%)	1	0	1.0	76608	2
2018-02-14-3714	pfama1.011	24	1.0	37547(76.3%)	1	0	1.0	37547	2
2018-02-14-3728	pfama1.004	38	1.0	60386(76.2%)	1	0	1.0	60386	3
2018-02-19-3746	pfama1.001	53	1.0	46260(92%)	1	0	1.0	46260	2
2018-02-19-3747	pfama1.002	50	1.0	38777(91.9%)	1	0	1.0	38777	2
2018-02-19-3761	pfama1.007	33	1.0	47210(96.6%)	1	0	1.0	47210	2
2018-02-19-3762	pfama1.008	32	0.842105425207752	16200(80.9%)	7	0	0.8236995770137936	13096	1
2018-02-19-3762	pfama1.058	1	0.02631576246537467	16200(80.9%)	7	1	0.04289581671433928	682	1
2018-02-19-3762	pfama1.060	1	0.02631576246537467	16200(80.9%)	7	2	0.04151200509311149	660	1
2018-02-19-3762	pfama1.061	1	0.02631576246537467	16200(80.9%)	7	3	0.04056857590520574	645	1
2018-02-19-3762	pfama1.062	1	0.02631576246537467	16200(80.9%)	7	4	0.03207750942764335	510	1
2018-02-19-3762	pfama1.091	1	0.02631576246537467	16200(80.9%)	7	5	0.012139148907046102	193	1
2018-02-19-3762	pfama1.123	1	0.02631576246537467	16200(80.9%)	7	6	0.007107366938860439	113	1
2018-02-19-3766	pfama1.003	40	1.0	52801(94.5%)	1	0	1.0	52801	2
2018-02-19-3777	pfama1.014	20	1.0	32374(64.5%)	1	0	1.0	32374	2
2018-02-20-3786	pfama1.005	34	0.32692308413461446	33164(74.9%)	3	0	0.4306	14236	2
2018-02-20-3786	pfama1.004	38	0.3653845793269276	33164(74.9%)	3	1	0.41298199999999996	13707	2
2018-02-20-3786	pfama1.008	32	0.307692336538458	33164(74.9%)	3	2	0.156418	5221	2
2018-02-20-3787	pfama1.003	40	1.0	42571(93.4%)	1	0	1.0	42571	2
2018-02-20-3805	pfama1.002	50	1.0	36110(89.6%)	1	0	1.0	36110	2
2018-02-21-3079	pfama1.012	22	1.0	80492(87.8%)	1	0	1.0	80492	2
2018-02-21-3093	pfama1.033	5	0.8333333333333334	69112(88.9%)	2	0	0.9929997418200671	68626	2
2018-02-21-3093	pfama1.122	1	0.16666666666666663	69112(88.9%)	2	1	0.007000258179932874	486	2
2018-02-21-3095	pfama1.007	33	1.0	42556(95.4%)	1	0	1.0	42556	2
2018-02-21-3096	pfama1.006	34	0.32692296153851924	25625(59.6%)	4	0	0.6265252506101002	16027	2
2018-02-21-3096	pfama1.015	20	0.1923077788461106	25625(59.6%)	4	1	0.2505171002068401	6498	2
2018-02-21-3096	pfama1.009	28	0.2692307403846298	25625(59.6%)	4	2	0.09524983809993524	2407	2
2018-02-21-3096	pfama1.013	22	0.2115385192307404	25625(59.6%)	4	3	0.02770781108312443	693	2
2018-02-21-3315	pfama1.019	12	0.1224488334027772	48981(85%)	4	0	0.8290820829082083	40610	2
2018-02-21-3315	pfama1.015	20	0.2040817869637352	48981(85%)	4	1	0.07403680740368074	3628	2
2018-02-21-3315	pfama1.008	32	0.32653062036651237	48981(85%)	4	2	0.07304800730480072	3576	2
2018-02-21-3315	pfama1.006	34	0.3469387592669752	48981(85%)	4	3	0.023833102383310236	1167	2
2018-02-21-3364	pfama1.016	16	1.0	58094(94.3%)	1	0	1.0	58094	2
2018-02-21-3505	pfama1.034	5	0.6250000000000001	12382(80.5%)	4	0	0.9596244478206277	11551	1
2018-02-21-3505	pfama1.071	1	0.12499999999999997	12382(80.5%)	4	1	0.02193241268420573	264	1
2018-02-21-3505	pfama1.101	1	0.12499999999999997	12382(80.5%)	4	2	0.009470799138248633	114	1
2018-02-21-3505	pfama1.103	1	0.12499999999999997	12382(80.5%)	4	3	0.008972340356917964	108	1
2018-02-21-3510	pfama1.025	8	1.0	90807(86.1%)	1	0	1.0	90807	2
2018-02-21-3816	pfama1.000	64	1.0	45411(96.6%)	1	0	1.0	45411	2
2018-02-21-3818	pfama1.010	27	1.0	71874(96.2%)	1	0	1.0	71874	2
2018-02-26-3164	pfama1.000	64	0.7441864050830495	55826(95.1%)	2	0	0.5611649999999999	31675	2
2018-02-26-3164	pfama1.013	22	0.2558135949169506	55826(95.1%)	2	1	0.43883500000000003	24151	2
2018-02-27-3285	pfama1.011	24	0.3750001523437167	72498(93.5%)	3	0	0.45262	32843	2
2018-02-27-3285	pfama1.031	6	0.0937498857422125	72498(93.5%)	3	1	0.449537	32545	2
2018-02-27-3285	pfama1.006	34	0.5312499619140708	72498(93.5%)	3	2	0.09784300000000001	7110	2
2018-02-27-3523	pfama1.004	38	1.0	75565(88%)	1	0	1.0	75565	2
2018-02-27-3525	pfama1.014	20	1.0	81041(84.4%)	1	0	1.0	81041	2
2018-02-27-3527	pfama1.001	53	0.946428459502205	12546(83%)	4	0	0.9776821270986764	12266	1
2018-02-27-3527	pfama1.099	1	0.017857180165931578	12546(83%)	4	1	0.009963331295233068	125	1
2018-02-27-3527	pfama1.133	1	0.017857180165931578	12546(83%)	4	2	0.006296830818588006	79	1
2018-02-27-3527	pfama1.140	1	0.017857180165931578	12546(83%)	4	3	0.006057710787502403	76	1
2018-02-28-3535	pfama1.034	5	0.04098356725342489	386(87.1%)	3	0	0.6610168234799463	234	1
2018-02-28-3535	pfama1.000	64	0.524591578876704	386(87.1%)	3	1	0.23728839802717086	84	1
2018-02-28-3535	pfama1.001	53	0.434424853869871	386(87.1%)	3	2	0.10169477849288275	36	1
2018-03-05-3541	pfama1.011	24	0.9230770384614808	40067(90%)	3	0	0.9804577842992874	39284	1
2018-03-05-3541	pfama1.089	1	0.038461480769259614	40067(90%)	3	1	0.012628797221664611	506	1
2018-03-05-3541	pfama1.124	1	0.038461480769259614	40067(90%)	3	2	0.006913418479047934	277	1
2018-03-05-3542	pfama1.036	5	0.04132227409329833	69547(97.2%)	6	0	0.7593214988478109	52795	2
2018-03-05-3542	pfama1.024	9	0.074380093367937	69547(97.2%)	6	1	0.1809468805750588	12585	2
2018-03-05-3542	pfama1.014	20	0.16528941868725355	69547(97.2%)	6	2	0.028632681102430474	1987	2
2018-03-05-3542	pfama1.004	38	0.3140496054231275	69547(97.2%)	6	3	0.014307090557320231	1001	2
2018-03-05-3542	pfama1.006	34	0.28099178614848885	69547(97.2%)	6	4	0.010933192784092763	770	2
2018-03-05-3542	pfama1.018	15	0.12396682227989499	69547(97.2%)	6	5	0.005858656133286952	409	2
2018-03-06-3577	pfama1.000	64	1.0	48173(93.8%)	1	0	1.0	48173	2
2018-03-06-3578	pfama1.009	28	0.1794872051281987	40293(74.1%)	8	0	0.3392810339281033	13765	2
2018-03-06-3578	pfama1.037	5	0.03205124198718951	40293(74.1%)	8	1	0.3152350315235031	12349	2
2018-03-06-3578	pfama1.012	22	0.14102571474357134	40293(74.1%)	8	2	0.15539601553960153	6449	2
2018-03-06-3578	pfama1.022	10	0.06410248397437902	40293(74.1%)	8	3	0.057996005799600577	2254	2
2018-03-06-3578	pfama1.013	22	0.14102571474357134	40293(74.1%)	8	4	0.04301350430135042	1783	2
2018-03-06-3578	pfama1.011	24	0.15384621153844713	40293(74.1%)	8	5	0.04146110414611041	1723	2
2018-03-06-3578	pfama1.020	11	0.07051273237181692	40293(74.1%)	8	6	0.029108402910840287	1218	2
2018-03-06-3578	pfama1.005	34	0.2179486955128261	40293(74.1%)	8	7	0.018508901850890182	752	2
2018-03-06-3595	pfama1.001	53	1.0	76963(89.5%)	1	0	1.0	76963	2
2018-03-07-3642	pfama1.001	53	1.0	512(88.7%)	1	0	1.0	512	2
2018-03-12-3190	pfama1.002	50	1.0	68992(85.7%)	1	0	1.0	68992	2
2018-03-12-3202	pfama1.026	8	1.0	568(85.9%)	1	0	1.0	568	4
2018-03-12-3659	pfama1.012	22	1.0	42185(81.1%)	1	0	1.0	42185	2
2018-03-14-3709	pfama1.015	20	0.9090910702478093	22233(89.2%)	3	0	0.9861917041424888	21926	1
2018-03-14-3709	pfama1.118	1	0.045454464876095314	22233(89.2%)	3	1	0.007466377760086672	166	1
2018-03-14-3709	pfama1.132	1	0.045454464876095314	22233(89.2%)	3	2	0.006341918097424571	141	1
2018-03-14-3714	pfama1.004	38	1.0	54741(84.6%)	1	0	1.0	54741	2
2018-03-14-3728	pfama1.049	1	0.013698586226405714	984(88.7%)	6	0	0.5477642081503992	539	1
2018-03-14-3728	pfama1.000	64	0.8767127239623482	984(88.7%)	6	1	0.3871951471341559	381	1
2018-03-14-3728	pfama1.035	5	0.06849293113202859	984(88.7%)	6	2	0.04268291621950817	42	1
2018-03-14-3728	pfama1.098	1	0.013698586226405714	984(88.7%)	6	3	0.010162603861789469	10	1
2018-03-14-3728	pfama1.138	1	0.013698586226405714	984(88.7%)	6	4	0.0060975623170736815	6	1
2018-03-14-3728	pfama1.139	1	0.013698586226405714	984(88.7%)	6	5	0.0060975623170736815	6	1
2018-03-19-3746	pfama1.001	53	1.0	61879(73.5%)	1	0	1.0	61879	3
2018-03-19-3747	pfama1.002	50	1.0	73588(88.1%)	1	0	1.0	73588	2
2018-03-19-3761	pfama1.007	33	1.0	39969(91.6%)	1	0	1.0	39969	2
2018-03-19-3766	pfama1.003	40	1.0	40995(89.6%)	1	0	1.0	40995	2
2018-03-19-3777	pfama1.014	20	0.37037055761308546	36661(68.8%)	3	0	0.8142929185707082	30224	2
2018-03-19-3777	pfama1.007	33	0.6111109506173552	36661(68.8%)	3	1	0.13750998624900135	4560	2
2018-03-19-3777	pfama1.056	1	0.01851849176955921	36661(68.8%)	3	2	0.04819709518029048	1877	2
2018-03-20-3786	pfama1.004	38	0.4318184336261733	118530(95.9%)	2	0	0.621586	74063	2
2018-03-20-3786	pfama1.002	50	0.5681815663738268	118530(95.9%)	2	1	0.378414	44467	2
2018-03-20-3805	pfama1.002	50	1.0	25226(90.8%)	1	0	1.0	25226	2
2018-03-20-3816	pfama1.000	64	1.0	44596(93.1%)	1	0	1.0	44596	2
2018-03-20-3818	pfama1.010	27	1.0	45034(92.1%)	1	0	1.0	45034	2
2018-03-21-3095	pfama1.007	33	1.0	41037(90%)	1	0	1.0	41037	2
2018-03-21-3096	pfama1.006	34	0.36956517131381217	44078(92.7%)	4	0	0.566656	24976	2
2018-03-21-3096	pfama1.026	8	0.08695641115314914	44078(92.7%)	4	1	0.40976999999999997	18062	2
2018-03-21-3096	pfama1.013	22	0.23913055458408847	44078(92.7%)	4	2	0.0134394	593	2
2018-03-21-3096	pfama1.009	28	0.3043478629489503	44078(92.7%)	4	3	0.0101346	447	2
2018-03-21-3313	pfama1.016	16	1.0	51893(87.3%)	1	0	1.0	51893	2
2018-03-21-3315	pfama1.008	32	0.48484850275481767	31355(98.4%)	2	0	0.9588663835465534	30049	2
2018-03-21-3315	pfama1.006	34	0.5151514972451823	31355(98.4%)	2	1	0.041133616453446584	1306	2
2018-03-21-3364	pfama1.016	16	1.0	55655(96.9%)	1	0	1.0	55655	2
2018-03-21-3505	pfama1.034	5	1.0	64907(90.7%)	1	0	1.0	64907	2
2018-03-21-3510	pfama1.025	8	1.0	44998(92%)	1	0	1.0	44998	2
2018-03-26-3164	pfama1.013	22	0.2558135949169506	58426(94.2%)	2	0	0.661208	38618	2
2018-03-26-3164	pfama1.000	64	0.7441864050830495	58426(94.2%)	2	1	0.338792	19808	2
2018-03-27-3285	pfama1.006	34	0.27419369042669156	36489(76.5%)	5	0	0.45386572768056344	16573	2
2018-03-27-3285	pfama1.011	24	0.19354857986479573	36489(76.5%)	5	1	0.27188583686849793	9912	2
2018-03-27-3285	pfama1.002	50	0.4032255528094792	36489(76.5%)	5	2	0.1238799256720446	4521	2
2018-03-27-3285	pfama1.023	10	0.08064511056189586	36489(76.5%)	5	3	0.09711014173391497	3537	2
2018-03-27-3285	pfama1.031	6	0.04838706633713751	36489(76.5%)	5	4	0.05325836804497918	1946	2
2018-03-27-3523	pfama1.004	38	1.0	69181(87.2%)	1	0	1.0	69181	2
2018-04-02-3542	pfama1.004	38	0.6551722051130328	29876(94.1%)	2	0	0.9908950099089501	29602	2
2018-04-02-3542	pfama1.014	20	0.34482779488696735	29876(94.1%)	2	1	0.0091049900910499	274	2
2018-04-03-3604	pfama1.017	15	0.03846150730768639	55200(83.2%)	13	0	0.26527702652770263	14641	2
2018-04-03-3604	pfama1.004	38	0.0974359185128245	55200(83.2%)	13	1	0.1804020180402018	10028	2
2018-04-03-3604	pfama1.000	64	0.16410303117957592	55200(83.2%)	13	2	0.16347001634700162	8965	2
2018-04-03-3604	pfama1.002	50	0.12820502435895462	55200(83.2%)	13	3	0.11358101135810113	6230	2
2018-04-03-3604	pfama1.012	22	0.05641031071795904	55200(83.2%)	13	4	0.09200050920005091	5133	2
2018-04-03-3604	pfama1.030	7	0.017948703410253643	55200(83.2%)	13	5	0.06634760663476066	3686	2
2018-04-03-3604	pfama1.009	28	0.07179491364103359	55200(83.2%)	13	6	0.03508320350832035	1927	2
2018-04-03-3604	pfama1.003	40	0.10256401948716372	55200(83.2%)	13	7	0.02223180222318022	1222	2
2018-04-03-3604	pfama1.008	32	0.08205131558974997	55200(83.2%)	13	8	0.01501520150152015	813	2
2018-04-03-3604	pfama1.043	2	0.005128210974360085	55200(83.2%)	13	9	0.014542601454260146	795	2
2018-04-03-3604	pfama1.005	34	0.08717951656410813	55200(83.2%)	13	10	0.014330301433030141	795	2
2018-04-03-3604	pfama1.036	5	0.012820502435895465	55200(83.2%)	13	11	0.0102879010287901	554	2
2018-04-03-3604	pfama1.001	53	0.1358970258204349	55200(83.2%)	13	12	0.0074308007430800745	411	2
2018-04-23-3164	pfama1.000	64	1.0	22105(96.8%)	1	0	1.0	22105	2
2018-05-01-3604	pfama1.001	53	0.20866072921917048	24137(80.8%)	9	0	0.3740759625924037	9017	2
2018-05-01-3604	pfama1.000	64	0.25196915051144275	24137(80.8%)	9	1	0.18713498128650186	4559	2
2018-05-01-3604	pfama1.010	27	0.10629925025884712	24137(80.8%)	9	2	0.10330298966970101	2447	2
2018-05-01-3604	pfama1.017	15	0.059055053730863276	24137(80.8%)	9	3	0.09943859005614099	2412	2
2018-05-01-3604	pfama1.005	34	0.13385827533324998	24137(80.8%)	9	4	0.0795647920435208	1929	2
2018-05-01-3604	pfama1.009	28	0.11023625384090469	24137(80.8%)	9	5	0.06778379322162068	1659	2
2018-05-01-3604	pfama1.015	20	0.07874022518444428	24137(80.8%)	9	6	0.04093859590614041	987	2
2018-05-01-3604	pfama1.043	2	0.007874022518444428	24137(80.8%)	9	7	0.035183396481660356	821	2
2018-05-01-3604	pfama1.021	11	0.04330703940263307	24137(80.8%)	9	8	0.012576898742310124	306	2
2018-05-21-3808	pfama1.000	64	0.4961246450324803	15377(71.6%)	4	0	0.45386881845247257	6982	2
2018-05-21-3808	pfama1.024	9	0.06976727312084512	15377(71.6%)	4	1	0.30272087891164845	4653	2
2018-05-21-3808	pfama1.008	32	0.24806171786593514	15377(71.6%)	4	2	0.175149929940028	2693	2
2018-05-21-3808	pfama1.011	24	0.18604636398073945	15377(71.6%)	4	3	0.06826037269585092	1049	2
2018-05-28-3393	pfama1.003	40	1.0	56740(98.3%)	1	0	1.0	56740	2
2018-06-07-3782	pfama1.013	22	0.1401276717517431	32978(89.6%)	5	0	0.7996760319870413	26363	2
2018-06-07-3782	pfama1.010	27	0.1719748134207862	32978(89.6%)	5	1	0.15303600612144022	5051	2
2018-06-07-3782	pfama1.001	53	0.3375789564679966	32978(89.6%)	5	2	0.02496790099871604	842	2
2018-06-07-3782	pfama1.003	40	0.25477713335234486	32978(89.6%)	5	3	0.013954700558188022	475	2
2018-06-07-3782	pfama1.017	15	0.09554142500712932	32978(89.6%)	5	4	0.008365360334614413	247	2
2018-06-13-3081	pfama1.002	50	1.0	3867(94%)	1	0	1.0	3867	2
2018-06-19-3285	pfama1.002	50	0.48543744462366817	81(100%)	2	0	0.82716	67	1
2018-06-19-3285	pfama1.001	53	0.5145625553763319	81(100%)	2	1	0.17284000000000002	14	1
2018-06-20-3555	pfama1.009	28	0.5599999064000524	66157(76.8%)	2	0	0.81959	54105	2
2018-06-20-3555	pfama1.012	22	0.44000009359994763	66157(76.8%)	2	1	0.18041000000000001	12052	2
2018-06-25-3570	pfama1.000	64	1.0	5385(98.6%)	1	0	1.0	5385	2
2018-06-25-3685	pfama1.005	34	1.0	37712(97.7%)	1	0	1.0	37712	2
2018-06-26-3604	pfama1.001	53	0.14845892627633522	11223(82.6%)	12	0	0.24716385170168895	2783	2
2018-06-26-3604	pfama1.000	64	0.17927220747128664	11223(82.6%)	12	1	0.19876488074107151	2236	2
2018-06-26-3604	pfama1.030	7	0.019607826000986466	11223(82.6%)	12	2	0.1564249061450563	1752	2
2018-06-26-3604	pfama1.013	22	0.06162470524681159	11223(82.6%)	12	3	0.13436091938344832	1514	2
2018-06-26-3604	pfama1.021	11	0.030812298001550168	11223(82.6%)	12	4	0.06754775947134431	753	2
2018-06-26-3604	pfama1.004	38	0.10644259324906637	11223(82.6%)	12	5	0.03784987729007363	419	2
2018-06-26-3604	pfama1.006	34	0.09523812124850267	11223(82.6%)	12	6	0.03550397869761278	395	2
2018-06-26-3604	pfama1.017	15	0.04201677000211387	11223(82.6%)	12	7	0.035262178842692685	389	2
2018-06-26-3604	pfama1.011	24	0.06722694124709343	11223(82.6%)	12	8	0.02700488379706972	302	2
2018-06-26-3604	pfama1.002	50	0.1400559000070462	11223(82.6%)	12	9	0.026395684162589497	300	2
2018-06-26-3604	pfama1.005	34	0.09523812124850267	11223(82.6%)	12	10	0.02133888719666768	240	2
2018-06-26-3604	pfama1.036	5	0.014005590000704624	11223(82.6%)	12	11	0.012382192570684455	140	2
2018-06-26-3825	pfama1.000	64	1.0	24629(97.9%)	1	0	1.0	24629	2
2018-06-30-3046	pfama1.019	12	1.0	55208(98.9%)	1	0	1.0	55208	2
2018-07-11-3081	pfama1.002	50	1.0	34042(96.7%)	1	0	1.0	34042	2
2018-07-11-3364	pfama1.016	16	1.0	9996(95.4%)	1	0	1.0	9996	2
2018-07-15-3149	pfama1.003	40	1.0	40339(99.1%)	1	0	1.0	40339	2
2018-07-19-3441	pfama1.008	32	0.3018869382342856	32417(73.6%)	3	0	0.420933	13615	2
2018-07-19-3441	pfama1.003	40	0.37735821288707516	32417(73.6%)	3	1	0.397469	12899	2
2018-07-19-3441	pfama1.005	34	0.3207548488786393	32417(73.6%)	3	2	0.181598	5903	2
2018-08-01-3720	pfama1.000	64	0.5614044090479905	64992(95.5%)	2	0	0.9612789038721097	62476	2
2018-08-01-3720	pfama1.002	50	0.43859559095200945	64992(95.5%)	2	1	0.03872109612789039	2516	2
2018-08-14-3285	pfama1.031	6	0.04511280841204944	2153(94.8%)	4	0	0.7231160723116072	1541	2
2018-08-14-3285	pfama1.002	50	0.37594007010041197	2153(94.8%)	4	1	0.1576100157610016	459	2
2018-08-14-3285	pfama1.001	53	0.3984955946057929	2153(94.8%)	4	2	0.08462520846252085	116	2
2018-08-14-3285	pfama1.011	24	0.18045152688174565	2153(94.8%)	4	3	0.034648703464870347	37	2
2018-08-20-3570	pfama1.000	64	1.0	62374(97.7%)	1	0	1.0	62374	2
2018-08-22-3629	pfama1.005	34	1.0	59994(97.8%)	1	0	1.0	59994	2
2018-08-23-3081	pfama1.002	50	1.0	7(100%)	1	0	1.0	7	1
ctrl-38x-7C1-10K	pfama1.014	20	0.12422375444624346	25492(97.5%)	7	0	0.6120122448048979	15769	2
ctrl-38x-7C1-10K	pfama1.004	38	0.23602491543538062	25492(97.5%)	7	1	0.08694453477781391	2167	2
ctrl-38x-7C1-10K	pfama1.021	11	0.06832293171558383	25492(97.5%)	7	2	0.08280803312321326	2060	2
ctrl-38x-7C1-10K	pfama1.008	32	0.19875786177233493	25492(97.5%)	7	3	0.07819823127929251	1962	2
ctrl-38x-7C1-10K	pfama1.018	15	0.09316763415761431	25492(97.5%)	7	4	0.0524936209974484	1317	2
ctrl-38x-7C1-10K	pfama1.003	40	0.24844702442030486	25492(97.5%)	7	5	0.0481230192492077	1229	2
ctrl-38x-7C1-10K	pfama1.038	5	0.031055878052538108	25492(97.5%)	7	6	0.03942031576812631	988	2
ctrl-38x-7C1-1K	pfama1.014	20	0.12422375444624346	8693(94.5%)	7	0	0.4463339553666045	4258	2
ctrl-38x-7C1-1K	pfama1.018	15	0.09316763415761431	8693(94.5%)	7	1	0.12946698705330129	809	2
ctrl-38x-7C1-1K	pfama1.021	11	0.06832293171558383	8693(94.5%)	7	2	0.1202629879737012	889	2
ctrl-38x-7C1-1K	pfama1.008	32	0.19875786177233493	8693(94.5%)	7	3	0.09648119035188096	800	2
ctrl-38x-7C1-1K	pfama1.004	38	0.23602491543538062	8693(94.5%)	7	4	0.08702809129719087	873	2
ctrl-38x-7C1-1K	pfama1.003	40	0.24844702442030486	8693(94.5%)	7	5	0.07601379239862076	651	2
ctrl-38x-7C1-1K	pfama1.038	5	0.031055878052538108	8693(94.5%)	7	6	0.044412995558700444	413	2
ctrl-38x-7C3-10k	pfama1.014	20	0.12422375444624345	21687(97.6%)	7	0	0.9035940180718803	19616	2
ctrl-38x-7C3-10k	pfama1.004	38	0.23602491543538057	21687(97.6%)	7	1	0.02268240045364801	490	2
ctrl-38x-7C3-10k	pfama1.008	32	0.1987578617723349	21687(97.6%)	7	2	0.021447500428950005	454	2
ctrl-38x-7C3-10k	pfama1.021	11	0.06832293171558382	21687(97.6%)	7	3	0.020537000410740008	443	2
ctrl-38x-7C3-10k	pfama1.003	40	0.24844702442030484	21687(97.6%)	7	4	0.011208100224162005	235	2
ctrl-38x-7C3-10k	pfama1.038	5	0.031055878052538104	21687(97.6%)	7	5	0.010849200216984003	239	2
ctrl-38x-7C3-10k	pfama1.018	15	0.09316763415761431	21687(97.6%)	7	6	0.009681780193635603	210	2
ctrl-38x-7C3-1k	pfama1.014	20	0.17241395541022456	2178(92.9%)	5	0	0.8972518205496358	1963	2
ctrl-38x-7C3-1k	pfama1.021	11	0.09482749056183198	2178(92.9%)	5	1	0.040515191896961615	82	2
ctrl-38x-7C3-1k	pfama1.004	38	0.3275862126932223	2178(92.9%)	5	2	0.03354629329074134	71	2
ctrl-38x-7C3-1k	pfama1.008	32	0.2758621269322231	2178(92.9%)	5	3	0.016217196756560647	37	2
ctrl-38x-7C3-1k	pfama1.018	15	0.12931021440249818	2178(92.9%)	5	4	0.012469497506100498	25	2
ctrl-38x-DS6-10k	pfama1.018	15	0.31914867134445474	26219(98.1%)	2	0	0.984268507865746	25807	2
ctrl-38x-DS6-10k	pfama1.008	32	0.6808513286555453	26219(98.1%)	2	1	0.01573149213425393	412	2
ctrl-38x-DS6-1k	pfama1.018	15	0.31914867134445474	18364(95.9%)	2	0	0.9874258025148394	18144	2
ctrl-38x-DS6-1k	pfama1.008	32	0.6808513286555453	18364(95.9%)	2	1	0.012574197485160503	220	2
ctrl-38x-QS5-10k	pfama1.021	11	0.1089108069796887	42531(88.6%)	5	0	0.49095380361847857	20769	2
ctrl-38x-QS5-10k	pfama1.004	38	0.3762377193412627	42531(88.6%)	5	1	0.2902868838852464	12458	2
ctrl-38x-QS5-10k	pfama1.018	15	0.1485147367904846	42531(88.6%)	5	2	0.1056169577532169	4482	2
ctrl-38x-QS5-10k	pfama1.008	32	0.3168318246250689	42531(88.6%)	5	3	0.05781827687268925	2461	2
ctrl-38x-QS5-10k	pfama1.038	5	0.04950491226349487	42531(88.6%)	5	4	0.05532407787036885	2361	2
ctrl-38x-QS5-1k	pfama1.021	11	0.10891080697968872	3288(97.6%)	5	0	0.41099291780141645	1519	2
ctrl-38x-QS5-1k	pfama1.004	38	0.3762377193412628	3288(97.6%)	5	1	0.31103693779261243	792	2
ctrl-38x-QS5-1k	pfama1.008	32	0.31683182462506904	3288(97.6%)	5	2	0.1276589744682051	384	2
ctrl-38x-QS5-1k	pfama1.018	15	0.14851473679048463	3288(97.6%)	5	3	0.08316988336602331	332	2
ctrl-38x-QS5-1k	pfama1.038	5	0.049504912263494884	3288(97.6%)	5	4	0.06714128657174268	261	2
