s_Sample	h_popUID	h_SampCnt	h_SampFrac	s_ReadCntTotUsed	s_COI	c_clusterID	c_AveragedFrac	c_ReadCnt	c_RepCnt
2017-10-04-3079	pfama1.013	29	1.0	20486(95.8%)	1	0	1.0	20486	2
2017-10-04-3093	pfama1.035	6	1.0	26303(97%)	1	0	1.0	26303	2
2017-10-04-3096	pfama1.030	9	0.08411203025591175	70337(98.5%)	5	0	0.5599816640110015	39339	2
2017-10-04-3096	pfama1.010	34	0.3177572677788578	70337(98.5%)	5	1	0.3219948068031159	22668	2
2017-10-04-3096	pfama1.024	12	0.112149373674549	70337(98.5%)	5	2	0.05185086888947866	3635	2
2017-10-04-3096	pfama1.012	30	0.28037396596209924	70337(98.5%)	5	3	0.05012306992615803	3540	2
2017-10-04-3096	pfama1.015	22	0.20560736232858212	70337(98.5%)	5	4	0.016049590370245777	1155	2
2017-10-04-3313	pfama1.003	52	1.0	24645(97%)	1	0	1.0	24645	2
2017-10-04-3315	pfama1.021	14	0.16470596110720623	38549(85.6%)	3	0	0.638904361095639	24896	2
2017-10-04-3315	pfama1.010	34	0.39999999999999997	38549(85.6%)	3	1	0.24506775493224506	9385	2
2017-10-04-3315	pfama1.007	37	0.4352940388927938	38549(85.6%)	3	2	0.11602788397211602	4268	2
2017-10-04-3364	pfama1.017	20	1.0	9274(99.1%)	1	0	1.0	9274	2
2017-10-04-3510	pfama1.024	12	1.0	62120(72.5%)	1	0	1.0	62120	3
2017-10-09-3001	pfama1.003	52	1.0	93965(91.4%)	1	0	1.0	93965	2
2017-10-09-3162	pfama1.047	2	1.0	10946(88%)	1	0	1.0	10754	1
2017-10-09-3163	pfama1.002	70	0.3846159858412746	104185(95.6%)	3	0	0.5951482975741488	62030	2
2017-10-09-3163	pfama1.000	89	0.4945049276353697	104185(95.6%)	3	1	0.34814717407358703	36207	2
2017-10-09-3163	pfama1.015	22	0.12087908652335574	104185(95.6%)	3	2	0.05670452835226417	5948	2
2017-10-09-3164	pfama1.000	89	0.7563022799234574	52493(97.4%)	2	0	0.8932640000000001	46953	2
2017-10-09-3164	pfama1.014	29	0.24369772007654253	52493(97.4%)	2	1	0.106736	5540	2
2017-10-10-3284	pfama1.013	29	0.4603172309398612	40673(80.3%)	2	0	0.733024	29830	2
2017-10-10-3284	pfama1.010	34	0.5396827690601387	40673(80.3%)	2	1	0.26697600000000005	10843	2
2017-10-10-3285	pfama1.010	34	0.2179486637048544	70394(97.4%)	5	0	0.6418309358169064	45168	2
2017-10-10-3285	pfama1.001	72	0.4615387757787742	70394(97.4%)	5	1	0.2595079740492026	18277	2
2017-10-10-3285	pfama1.040	4	0.025641010677201224	70394(97.4%)	5	2	0.04346519565348043	3062	2
2017-10-10-3285	pfama1.008	36	0.23076902314616704	70394(97.4%)	5	3	0.027629597237040275	1947	2
2017-10-10-3285	pfama1.028	10	0.06410252669300308	70394(97.4%)	5	4	0.027566297243370275	1940	2
2017-10-10-3523	pfama1.004	53	1.0	56906(94.9%)	1	0	1.0	56906	2
2017-10-11-3236	pfama1.014	29	1.0	71121(89.4%)	1	0	1.0	71121	2
2017-10-11-3336	pfama1.063	1	1.0	4(100%)	1	0	1.0	4	1
2017-10-11-3529	pfama1.017	20	1.0	10550(87.2%)	1	0	1.0	9981	1
2017-10-11-3530	pfama1.019	15	1.0	44204(93.8%)	1	0	1.0	44204	2
2017-10-16-3540	pfama1.010	34	1.0	60029(98.3%)	1	0	1.0	60029	2
2017-10-16-3541	pfama1.008	36	1.0	42587(92.7%)	1	0	1.0	42587	2
2017-10-16-3542	pfama1.001	72	0.2903230543183885	48118(97.7%)	5	0	0.7870351810180917	38004	2
2017-10-16-3542	pfama1.010	34	0.13709687040842264	48118(97.7%)	5	1	0.14440403321292763	6804	2
2017-10-16-3542	pfama1.016	22	0.08870961821020144	48118(97.7%)	5	2	0.05067191165453968	2397	2
2017-10-16-3542	pfama1.000	89	0.3629026707206384	48118(97.7%)	5	3	0.009669292223937212	495	2
2017-10-16-3542	pfama1.011	30	0.1209677863423489	48118(97.7%)	5	4	0.008219581890503836	418	2
2017-10-16-3546	pfama1.009	35	1.0	45837(96.7%)	1	0	1.0	45837	2
2017-10-16-3547	pfama1.006	38	1.0	29111(80.2%)	1	0	1.0	28914	2
2017-10-16-3549	pfama1.009	35	1.0	46591(91.9%)	1	0	1.0	46591	2
2017-10-16-3557	pfama1.022	13	1.0	47808(95.5%)	1	0	1.0	47808	2
2017-10-17-3575	pfama1.000	89	0.9890109683975067	14129(84.8%)	2	0	0.8351083588073428	11213	1
2017-10-17-3575	pfama1.068	1	0.010989031602493272	14129(84.8%)	2	1	0.16489164119265717	2214	1
2017-10-17-3577	pfama1.000	89	1.0	43734(94.3%)	1	0	1.0	43734	2
2017-10-17-3578	pfama1.012	30	0.14084513814719646	36851(77.2%)	9	0	0.3311790662358132	11874	2
2017-10-17-3578	pfama1.039	4	0.018779351752959528	36851(77.2%)	9	1	0.21814404362880874	8027	2
2017-10-17-3578	pfama1.014	29	0.13615022006810745	36851(77.2%)	9	2	0.17312503462500692	6761	2
2017-10-17-3578	pfama1.005	48	0.2300469788329051	36851(77.2%)	9	3	0.06387721277544255	2140	2
2017-10-17-3578	pfama1.038	5	0.02347418969119941	36851(77.2%)	9	4	0.06349071269814253	2420	2
2017-10-17-3578	pfama1.023	13	0.06103286648350209	36851(77.2%)	9	5	0.061362012272402455	2198	2
2017-10-17-3578	pfama1.006	38	0.17840368137141727	36851(77.2%)	9	6	0.05371541074308214	1970	2
2017-10-17-3578	pfama1.013	29	0.13615022006810745	36851(77.2%)	9	7	0.024859804971960994	1053	2
2017-10-17-3578	pfama1.018	16	0.07511735358460535	36851(77.2%)	9	8	0.01024670204934041	408	2
2017-10-17-3579	pfama1.029	9	1.0	78912(89.9%)	1	0	1.0	78912	2
2017-10-17-3580	pfama1.010	34	0.47222252955243404	54369(94.3%)	2	0	0.9866243946497578	53618	2
2017-10-17-3580	pfama1.006	38	0.5277774704475658	54369(94.3%)	2	1	0.01337560535024214	751	2
2017-10-17-3595	pfama1.002	70	0.9859155042451756	11716(81.5%)	2	0	0.9194540556702028	10308	1
2017-10-17-3595	pfama1.072	1	0.014084495754824452	11716(81.5%)	2	1	0.08054594432979716	903	1
2017-10-17-3602	pfama1.019	15	0.07425737693604519	57590(97.4%)	5	0	0.8215108356978329	46680	2
2017-10-17-3602	pfama1.005	48	0.2425744735689427	57590(97.4%)	5	1	0.1078859784228043	6883	2
2017-10-17-3602	pfama1.028	10	0.04950501185182891	57590(97.4%)	5	2	0.03053529389294122	1842	2
2017-10-17-3602	pfama1.000	89	0.4455442616162712	57590(97.4%)	5	3	0.02680489463902107	1521	2
2017-10-17-3602	pfama1.006	38	0.18811887602691205	57590(97.4%)	5	4	0.013262997347400527	664	2
2017-10-17-3604	pfama1.011	30	0.25423748428619164	41548(67.5%)	4	0	0.3381	23462	2
2017-10-17-3604	pfama1.006	38	0.32203385744037677	41548(67.5%)	4	1	0.320759	9349	2
2017-10-17-3604	pfama1.019	15	0.12711850104131858	41548(67.5%)	4	2	0.235079	6844	2
2017-10-17-3604	pfama1.009	35	0.29661015723211304	41548(67.5%)	4	3	0.10606199999999999	1893	2
2017-10-17-3612	pfama1.012	30	0.12552308128534972	145498(95.7%)	4	0	0.9431327359228339	137167	2
2017-10-17-3612	pfama1.002	70	0.29288742774115784	145498(95.7%)	4	1	0.02633489262623006	3879	2
2017-10-17-3612	pfama1.000	89	0.3765685296300238	145498(95.7%)	4	2	0.02400859327759388	3508	2
2017-10-17-3612	pfama1.005	48	0.20502096134346867	145498(95.7%)	4	3	0.006523778173342111	944	2
2017-10-17-3614	pfama1.002	70	0.9459459875090809	39558(86.4%)	2	0	0.9590885204557397	37963	2
2017-10-17-3614	pfama1.039	4	0.054054012490919075	39558(86.4%)	2	1	0.04091147954426023	1595	2
2017-10-17-3615	pfama1.005	48	1.0	52094(96%)	1	0	1.0	52094	2
2017-10-17-3616	pfama1.002	70	1.0	45899(95.5%)	1	0	1.0	45899	2
2017-10-17-3617	pfama1.006	38	1.0	59227(95.4%)	1	0	1.0	59227	2
2017-10-18-3627	pfama1.010	34	1.0	10977(83.4%)	1	0	1.0	10616	1
2017-10-18-3630	pfama1.007	37	1.0	54680(96.3%)	1	0	1.0	54680	2
2017-10-18-3642	pfama1.002	70	1.0	70052(92.2%)	1	0	1.0	70052	3
2017-10-23-3122	pfama1.001	72	1.0	26834(84%)	1	0	1.0	26834	2
2017-10-23-3154	pfama1.000	89	1.0	124119(98.4%)	1	0	1.0	124119	2
2017-10-23-3190	pfama1.001	72	1.0	44041(93.1%)	1	0	1.0	44041	2
2017-10-23-3202	pfama1.025	12	0.374999555468625	35434(81.4%)	3	0	0.5701884298115703	20323	2
2017-10-23-3202	pfama1.027	11	0.3437507779299063	35434(81.4%)	3	1	0.31094868905131096	10978	2
2017-10-23-3202	pfama1.030	9	0.2812496666014688	35434(81.4%)	3	2	0.11886288113711889	4133	2
2017-10-23-3205	pfama1.027	11	0.47826173005655365	54222(92.2%)	2	0	0.767131	41506	2
2017-10-23-3205	pfama1.025	12	0.5217382699434463	54222(92.2%)	2	1	0.232869	12716	2
2017-10-23-3649	pfama1.000	89	1.0	350(84.7%)	1	0	1.0	350	2
2017-10-23-3659	pfama1.016	22	0.43137243963856214	63168(75.6%)	2	0	0.533602	34062	2
2017-10-23-3659	pfama1.013	29	0.5686275603614378	63168(75.6%)	2	1	0.466398	29106	2
2017-10-23-3665	pfama1.002	70	1.0	71529(94.1%)	1	0	1.0	71529	2
2017-10-24-3672	pfama1.026	12	1.0	11(100%)	1	0	1.0	11	1
2017-10-24-3673	pfama1.009	35	0.41666655376982864	34716(75.1%)	2	0	0.6871659999999999	23422	2
2017-10-24-3673	pfama1.005	48	0.5833334462301714	34716(75.1%)	2	1	0.312834	11294	2
2017-10-24-3677	pfama1.002	70	0.6140352190672702	36293(85%)	3	0	0.621633	22562	2
2017-10-24-3677	pfama1.021	14	0.12280704381345404	36293(85%)	3	1	0.254805	9247	2
2017-10-24-3677	pfama1.011	30	0.26315773711927576	36293(85%)	3	2	0.12356199999999999	4484	2
2017-10-24-3684	pfama1.011	30	1.0	25054(89.2%)	1	0	1.0	25054	3
2017-10-24-3685	pfama1.023	13	0.5909094435952545	2782(97%)	2	0	0.891935	2477	2
2017-10-24-3685	pfama1.031	9	0.40909055640474545	2782(97%)	2	1	0.10806500000000001	305	2
2017-10-25-3708	pfama1.005	48	1.0	125585(98.4%)	1	0	1.0	125585	2
2017-10-25-3709	pfama1.015	22	1.0	20229(98.9%)	1	0	1.0	20229	2
2017-10-25-3713	pfama1.018	16	1.0	25537(94.7%)	1	0	1.0	25537	4
2017-10-25-3714	pfama1.004	53	0.5955056682615711	30255(97.7%)	2	0	0.9899313959725584	29927	2
2017-10-25-3714	pfama1.008	36	0.40449433173842886	30255(97.7%)	2	1	0.010068604027441613	328	2
2017-10-25-3718	pfama1.012	30	1.0	92908(91.5%)	1	0	1.0	92908	2
2017-10-25-3719	pfama1.005	48	0.7101448558286205	89326(98%)	2	0	0.859664	77938	2
2017-10-25-3719	pfama1.017	20	0.28985514417137953	89326(98%)	2	1	0.140336	11388	2
2017-10-25-3720	pfama1.010	34	0.26984114081648686	112486(97.9%)	3	0	0.45944004594400456	51605	2
2017-10-25-3720	pfama1.017	20	0.15873002970537578	112486(97.9%)	3	1	0.45758904575890463	51512	2
2017-10-25-3720	pfama1.001	72	0.5714288294781373	112486(97.9%)	3	2	0.08297090829709083	9369	2
2017-10-25-3728	pfama1.004	53	1.0	50928(89.9%)	1	0	1.0	50928	4
2017-10-30-3746	pfama1.012	30	0.29999982930017055	70041(89.5%)	2	0	0.8262120000000001	57854	2
2017-10-30-3746	pfama1.002	70	0.7000001706998296	70041(89.5%)	2	1	0.173788	12187	2
2017-10-30-3747	pfama1.001	72	1.0	51636(90.7%)	1	0	1.0	51636	2
2017-10-30-3761	pfama1.006	38	1.0	193315(98.7%)	1	0	1.0	193315	2
2017-10-30-3762	pfama1.007	37	1.0	15123(81.7%)	1	0	1.0	14228	1
2017-10-30-3766	pfama1.003	52	1.0	39266(94.7%)	1	0	1.0	39266	2
2017-10-30-3773	pfama1.003	52	0.5978259256143962	146600(81.7%)	2	0	0.723303	106351	2
2017-10-30-3773	pfama1.007	37	0.40217407438560376	146600(81.7%)	2	1	0.27669699999999997	40249	2
2017-10-30-3777	pfama1.006	38	1.0	39214(85%)	1	0	1.0	39214	2
2017-10-31-3785	pfama1.033	7	1.0	79561(89.7%)	1	0	1.0	79561	2
2017-10-31-3786	pfama1.003	52	0.25345601698712883	29499(98.3%)	4	0	0.7008177272969114	20173	2
2017-10-31-3786	pfama1.001	72	0.3317975588606478	29499(98.3%)	4	1	0.17393940307250266	4991	2
2017-10-31-3786	pfama1.007	37	0.17050688948376003	29499(98.3%)	4	2	0.080576283130247	2317	2
2017-10-31-3786	pfama1.004	53	0.2442395346684633	29499(98.3%)	4	3	0.044666586500338966	1295	2
2017-10-31-3787	pfama1.003	52	1.0	75820(89.4%)	1	0	1.0	75820	2
2017-10-31-3805	pfama1.001	72	1.0	37907(96.7%)	1	0	1.0	37907	2
2017-10-31-3816	pfama1.000	89	1.0	13100(98%)	1	0	1.0	13100	2
2017-10-31-3818	pfama1.009	35	1.0	45025(98.6%)	1	0	1.0	45025	2
2017-11-01-3079	pfama1.013	29	1.0	59388(96.3%)	1	0	1.0	59388	2
2017-11-01-3093	pfama1.035	6	1.0	61649(86.5%)	1	0	1.0	61649	3
2017-11-01-3096	pfama1.010	34	0.27419374081684533	9069(98.8%)	5	0	0.5082147967140813	4609	1
2017-11-01-3096	pfama1.030	9	0.0725805341441277	9069(98.8%)	5	1	0.4136068345572661	3751	1
2017-11-01-3096	pfama1.015	22	0.17741923642040291	9069(98.8%)	5	2	0.030984687606124953	281	1
2017-11-01-3096	pfama1.012	30	0.24193557268469784	9069(98.8%)	5	3	0.029220388311844675	265	1
2017-11-01-3096	pfama1.014	29	0.23387091593392628	9069(98.8%)	5	4	0.017973292810682877	163	1
2017-11-01-3313	pfama1.003	52	1.0	10334(93.8%)	1	0	1.0	10334	2
2017-11-01-3364	pfama1.017	20	1.0	73308(93.6%)	1	0	1.0	73308	2
2017-11-01-3505	pfama1.032	7	1.0	5757(87.4%)	1	0	1.0	5757	4
2017-11-01-3510	pfama1.024	12	1.0	33953(88.7%)	1	0	1.0	33953	2
2017-11-01-3773	pfama1.007	37	0.40217407438560376	128842(80.3%)	2	0	0.504687	65042	2
2017-11-01-3773	pfama1.003	52	0.5978259256143962	128842(80.3%)	2	1	0.495313	63800	2
2017-11-06-3001	pfama1.003	52	1.0	18724(84.8%)	1	0	1.0	18724	2
2017-11-06-3055	pfama1.003	52	1.0	29(85.3%)	1	0	1.0	29	1
2017-11-06-3162	pfama1.047	2	1.0	15071(86.2%)	1	0	1.0	15071	2
2017-11-06-3163	pfama1.002	70	1.0	77350(98.3%)	1	0	1.0	77350	2
2017-11-06-3164	pfama1.014	29	1.0	83274(99.4%)	1	0	1.0	78996	2
2017-11-07-3284	pfama1.010	34	0.7727273315082239	35375(97%)	2	0	0.9324236270305493	32305	2
2017-11-07-3284	pfama1.028	10	0.22727266849177605	35375(97%)	2	1	0.06757637296945081	3070	2
2017-11-07-3285	pfama1.008	36	0.5142855517143556	29(96.7%)	2	0	0.62069	18	1
2017-11-07-3285	pfama1.010	34	0.48571444828564436	29(96.7%)	2	1	0.37931	11	1
2017-11-07-3523	pfama1.004	53	1.0	30387(97.3%)	1	0	1.0	30387	2
2017-11-07-3527	pfama1.002	70	1.0	657(83.7%)	1	0	1.0	657	4
2017-11-08-3336	pfama1.005	48	1.0	18775(96%)	1	0	1.0	18775	4
2017-11-08-3529	pfama1.017	20	1.0	355(81.6%)	1	0	1.0	355	4
2017-11-13-3541	pfama1.008	36	1.0	66959(93.8%)	1	0	1.0	66959	2
2017-11-13-3542	pfama1.000	89	0.8823529411764706	94(83.2%)	2	0	0.580483	54	2
2017-11-13-3542	pfama1.026	12	0.1176470588235294	94(83.2%)	2	1	0.41951700000000003	40	2
2017-11-13-3547	pfama1.006	38	1.0	31579(95%)	1	0	1.0	31579	2
2017-11-13-3557	pfama1.022	13	1.0	119407(99.5%)	1	0	1.0	119407	2
2017-11-13-3602	pfama1.000	89	0.31578909540156036	5055(96.2%)	7	0	0.34830906966181396	1745	2
2017-11-13-3602	pfama1.019	15	0.05263151590026006	5055(96.2%)	7	1	0.3160320632064127	1590	2
2017-11-13-3602	pfama1.022	13	0.04561404699661754	5055(96.2%)	7	2	0.1302120260424052	652	2
2017-11-13-3602	pfama1.006	38	0.13333330671344312	5055(96.2%)	7	3	0.12983702596740518	680	2
2017-11-13-3602	pfama1.028	10	0.03508774381656553	5055(96.2%)	7	4	0.03320240664048133	173	2
2017-11-13-3602	pfama1.002	70	0.24561440636513518	5055(96.2%)	7	5	0.02223520444704089	112	2
2017-11-13-3602	pfama1.005	48	0.17192988480641813	5055(96.2%)	7	6	0.020172204034440807	103	2
2017-11-13-3604	pfama1.014	29	0.21323509723198447	4366(52.8%)	3	0	0.512869	1864	2
2017-11-13-3604	pfama1.009	35	0.2573526458479767	4366(52.8%)	3	1	0.34066700000000005	1806	2
2017-11-13-3604	pfama1.001	72	0.5294122569200389	4366(52.8%)	3	2	0.14646400000000004	696	2
2017-11-13-3719	pfama1.017	20	0.28985514417137953	44534(99.2%)	2	0	0.957327712801686	42394	2
2017-11-13-3719	pfama1.005	48	0.7101448558286205	44534(99.2%)	2	1	0.042672287198313834	2140	2
2017-11-14-3578	pfama1.022	13	0.06632653431512935	4084(95%)	8	0	0.333149	1353	2
2017-11-14-3578	pfama1.013	29	0.1479591696025085	4084(95%)	8	1	0.207364	860	2
2017-11-14-3578	pfama1.012	30	0.1530613000286387	4084(95%)	8	2	0.194251	792	2
2017-11-14-3578	pfama1.038	5	0.025510216671439784	4084(95%)	8	3	0.111269	447	2
2017-11-14-3578	pfama1.018	16	0.08163263528737913	4084(95%)	8	4	0.07349839999999999	299	2
2017-11-14-3578	pfama1.014	29	0.1479591696025085	4084(95%)	8	5	0.049620599999999994	205	2
2017-11-14-3578	pfama1.008	36	0.18367350197313828	4084(95%)	8	6	0.019555799999999998	80	2
2017-11-14-3578	pfama1.006	38	0.19387747251925785	4084(95%)	8	7	0.0112922	48	2
2017-11-14-3579	pfama1.029	9	1.0	9454(97.4%)	1	0	1.0	9454	2
2017-11-14-3580	pfama1.006	38	1.0	68325(90.9%)	1	0	1.0	68325	2
2017-11-14-3612	pfama1.012	30	0.25000035562535294	35002(68.3%)	2	0	0.5403479999999999	18924	2
2017-11-14-3612	pfama1.000	89	0.7499996443746471	35002(68.3%)	2	1	0.45965200000000006	16078	2
2017-11-14-3614	pfama1.002	70	1.0	1273(93.4%)	1	0	1.0	1273	2
2017-11-14-3615	pfama1.005	48	1.0	1621(94.9%)	1	0	1.0	1621	2
2017-11-14-3616	pfama1.002	70	1.0	20759(99.2%)	1	0	1.0	20759	2
2017-11-14-3617	pfama1.006	38	1.0	4649(97.1%)	1	0	1.0	4649	2
2017-11-15-3627	pfama1.010	34	1.0	49822(93%)	1	0	1.0	49822	2
2017-11-15-3630	pfama1.007	37	1.0	15786(99.1%)	1	0	1.0	15786	2
2017-11-15-3642	pfama1.002	70	1.0	20003(95.1%)	1	0	1.0	20003	2
2017-11-17-3779	pfama1.012	30	1.0	201966(99%)	1	0	1.0	201966	2
2017-11-20-3154	pfama1.000	89	1.0	98726(98.1%)	1	0	1.0	98726	2
2017-11-20-3190	pfama1.001	72	1.0	43552(97.5%)	1	0	1.0	43552	2
2017-11-20-3202	pfama1.027	11	0.47826173005655365	510(92.1%)	2	0	0.771226	394	2
2017-11-20-3202	pfama1.025	12	0.5217382699434463	510(92.1%)	2	1	0.22877399999999998	116	2
2017-11-20-3205	pfama1.027	11	0.10891122576254535	15690(66.5%)	2	0	0.76737	12003	2
2017-11-20-3205	pfama1.000	89	0.8910887742374547	15690(66.5%)	2	1	0.23263000000000003	3687	2
2017-11-20-3649	pfama1.000	89	1.0	32218(69.1%)	1	0	1.0	32218	2
2017-11-20-3659	pfama1.016	22	1.0	8379(98.7%)	1	0	1.0	8379	2
2017-11-20-3661	pfama1.006	38	1.0	377873(78.2%)	1	0	1.0	377873	3
2017-11-20-3665	pfama1.002	70	1.0	122188(98.4%)	1	0	1.0	122188	2
2017-11-21-3672	pfama1.026	12	0.17910427480501126	39262(96.6%)	2	0	0.9577695211152395	37604	2
2017-11-21-3672	pfama1.003	52	0.8208957251949888	39262(96.6%)	2	1	0.04223047888476056	1658	2
2017-11-21-3673	pfama1.005	48	1.0	48343(94.2%)	1	0	1.0	48343	2
2017-11-21-3677	pfama1.011	30	0.37974691749717837	163(90.6%)	3	0	0.5511495511495512	89	2
2017-11-21-3677	pfama1.009	35	0.4430377102868696	163(90.6%)	3	1	0.3227423227423228	54	2
2017-11-21-3677	pfama1.021	14	0.17721537221595204	163(90.6%)	3	2	0.1261081261081261	20	2
2017-11-21-3685	pfama1.031	9	0.40909055640474545	26131(88.6%)	2	0	0.771062	20973	2
2017-11-21-3685	pfama1.023	13	0.5909094435952545	26131(88.6%)	2	1	0.228938	5158	2
2017-11-22-3708	pfama1.005	48	1.0	152795(98.7%)	1	0	1.0	152795	2
2017-11-22-3709	pfama1.015	22	1.0	70296(95.7%)	1	0	1.0	70296	2
2017-11-22-3713	pfama1.018	16	1.0	59681(95.7%)	1	0	1.0	59681	2
2017-11-22-3714	pfama1.008	36	0.40449433173842886	10434(97.2%)	2	0	0.8354950000000001	8957	2
2017-11-22-3714	pfama1.004	53	0.5955056682615711	10434(97.2%)	2	1	0.16450499999999998	1477	2
2017-11-22-3719	pfama1.017	20	1.0	21284(93.2%)	1	0	1.0	21284	2
2017-11-22-3720	pfama1.001	72	0.7826089107747419	41802(91.7%)	2	0	0.663215	28706	2
2017-11-22-3720	pfama1.017	20	0.21739108922525813	41802(91.7%)	2	1	0.336785	13096	2
2017-11-22-3728	pfama1.004	53	1.0	48475(92.9%)	1	0	1.0	48475	2
2017-11-27-3746	pfama1.002	70	0.7000001706998296	28580(95.2%)	2	0	0.711447	20407	2
2017-11-27-3746	pfama1.012	30	0.29999982930017055	28580(95.2%)	2	1	0.288553	8173	2
2017-11-27-3747	pfama1.001	72	1.0	8600(97.7%)	1	0	1.0	8600	2
2017-11-27-3758	pfama1.019	15	1.0	77539(86.5%)	1	0	1.0	77539	3
2017-11-27-3761	pfama1.006	38	1.0	7545(98.5%)	1	0	1.0	7545	2
2017-11-27-3766	pfama1.000	89	0.6206893304158648	46873(87.6%)	2	0	0.542683	24854	2
2017-11-27-3766	pfama1.003	52	0.3793106695841352	46873(87.6%)	2	1	0.45731700000000003	22019	2
2017-11-27-3773	pfama1.015	22	1.0	42730(91.7%)	1	0	1.0	42730	2
2017-11-27-3777	pfama1.006	38	0.5352111727910852	36167(79%)	3	0	0.47277800000000003	16785	2
2017-11-27-3777	pfama1.040	4	0.0563380688038206	36167(79%)	3	1	0.38586100000000007	13424	2
2017-11-27-3777	pfama1.013	29	0.4084507584050941	36167(79%)	3	2	0.14136100000000001	5958	2
2017-11-27-3779	pfama1.012	30	1.0	80097(80.9%)	1	0	1.0	80097	3
2017-11-28-3783	pfama1.003	52	1.0	32887(89.4%)	1	0	1.0	32887	2
2017-11-28-3785	pfama1.033	7	1.0	49324(59%)	1	0	1.0	49324	2
2017-11-28-3786	pfama1.005	48	0.6202530825028216	20820(87.9%)	2	0	0.5557886499671171	11297	2
2017-11-28-3786	pfama1.012	30	0.37974691749717837	20820(87.9%)	2	1	0.444211350032883	8758	2
2017-11-28-3787	pfama1.003	52	1.0	99119(94.4%)	1	0	1.0	99119	2
2017-11-28-3805	pfama1.001	72	1.0	1411(97.6%)	1	0	1.0	1411	2
2017-11-28-3816	pfama1.000	89	1.0	2359(95.2%)	1	0	1.0	2359	2
2017-11-28-3818	pfama1.009	35	1.0	50822(96.9%)	1	0	1.0	50822	2
2017-11-29-3079	pfama1.013	29	1.0	46524(92.1%)	1	0	1.0	46524	2
2017-11-29-3093	pfama1.035	6	1.0	43295(95.2%)	1	0	1.0	43295	2
2017-11-29-3096	pfama1.010	34	0.3177572677788578	52372(90.6%)	5	0	0.4493361797344718	23444	2
2017-11-29-3096	pfama1.024	12	0.112149373674549	52372(90.6%)	5	1	0.42112116844846736	22141	2
2017-11-29-3096	pfama1.030	9	0.08411203025591175	52372(90.6%)	5	2	0.09048423619369447	4702	2
2017-11-29-3096	pfama1.015	22	0.20560736232858212	52372(90.6%)	5	3	0.022744409097763638	1218	2
2017-11-29-3096	pfama1.012	30	0.28037396596209924	52372(90.6%)	5	4	0.016314006525602606	867	2
2017-11-29-3315	pfama1.021	14	0.3888893279320488	2398(92.7%)	2	0	0.763332	1841	2
2017-11-29-3315	pfama1.015	22	0.6111106720679513	2398(92.7%)	2	1	0.236668	557	2
2017-11-29-3364	pfama1.017	20	1.0	50961(96.2%)	1	0	1.0	50961	2
2017-11-29-3510	pfama1.024	12	1.0	50869(86.1%)	1	0	1.0	50869	2
2017-12-04-3001	pfama1.003	52	1.0	35571(91.4%)	1	0	1.0	35247	2
2017-12-04-3055	pfama1.003	52	1.0	67927(91.5%)	1	0	1.0	67927	2
2017-12-04-3164	pfama1.014	29	0.24369772007654253	52943(95.6%)	2	0	0.5016	26418	2
2017-12-04-3164	pfama1.000	89	0.7563022799234574	52943(95.6%)	2	1	0.4984	26525	2
2017-12-05-3284	pfama1.028	10	1.0	49041(85.8%)	1	0	1.0	49041	2
2017-12-05-3285	pfama1.002	70	0.4666669043820479	597(89.6%)	5	0	0.6709033354516678	402	2
2017-12-05-3285	pfama1.010	34	0.22666667374755034	597(89.6%)	5	1	0.14355707177853588	83	2
2017-12-05-3285	pfama1.008	36	0.2399998513014424	597(89.6%)	5	2	0.14301507150753576	87	2
2017-12-05-3285	pfama1.040	4	0.026666658574228157	597(89.6%)	5	3	0.021621110810555403	13	2
2017-12-05-3285	pfama1.036	6	0.03999991199473122	597(89.6%)	5	4	0.02090341045170523	12	2
2017-12-05-3523	pfama1.004	53	1.0	8(100%)	1	0	1.0	8	1
2017-12-05-3527	pfama1.002	70	1.0	49041(94.3%)	1	0	1.0	49041	2
2017-12-06-3336	pfama1.005	48	1.0	8135(95.7%)	1	0	1.0	7736	1
2017-12-11-3540	pfama1.009	35	1.0	47949(77.2%)	1	0	1.0	47949	2
2017-12-11-3542	pfama1.010	34	0.1559634200866916	26315(96.7%)	4	0	0.8745507376347788	22791	2
2017-12-11-3542	pfama1.016	22	0.10091736893359224	26315(96.7%)	4	1	0.09734567079629876	2708	2
2017-12-11-3542	pfama1.001	72	0.3302757849002541	26315(96.7%)	4	2	0.015643195307041412	456	2
2017-12-11-3542	pfama1.000	89	0.4128434260794622	26315(96.7%)	4	3	0.012460396261881121	360	2
2017-12-11-3546	pfama1.009	35	0.5384613364497026	37416(74.8%)	2	0	0.8319340000000001	32438	2
2017-12-11-3546	pfama1.012	30	0.46153866355029743	37416(74.8%)	2	1	0.16806600000000002	4978	2
2017-12-11-3557	pfama1.022	13	1.0	32971(95.6%)	1	0	1.0	32971	2
2017-12-12-3575	pfama1.002	70	0.7526885075613003	107(93%)	3	0	0.607477	65	1
2017-12-12-3575	pfama1.015	22	0.23655880821393063	107(93%)	3	1	0.345794	37	1
2017-12-12-3575	pfama1.079	1	0.010752684224769014	107(93%)	3	2	0.046729	5	1
2017-12-12-3577	pfama1.000	89	1.0	7308(94.7%)	1	0	1.0	7308	2
2017-12-12-3578	pfama1.018	16	0.0583941711945278	8532(94.9%)	8	0	0.47596219038487614	4062	2
2017-12-12-3578	pfama1.012	30	0.10948914886386327	8532(94.9%)	8	1	0.13659405463762184	1138	2
2017-12-12-3578	pfama1.022	13	0.047445277074574445	8532(94.9%)	8	2	0.1087820435128174	935	2
2017-12-12-3578	pfama1.000	89	0.3284668235986007	8532(94.9%)	8	3	0.09475483790193516	811	2
2017-12-12-3578	pfama1.013	29	0.10583944826910224	8532(94.9%)	8	4	0.06946952778781113	581	2
2017-12-12-3578	pfama1.038	5	0.018248191477310542	8532(94.9%)	8	5	0.04539671815868726	425	2
2017-12-12-3578	pfama1.003	52	0.20073000241825115	8532(94.9%)	8	6	0.03788061515224606	318	2
2017-12-12-3578	pfama1.008	36	0.13138693710376997	8532(94.9%)	8	7	0.031160012464004988	262	2
2017-12-12-3579	pfama1.029	9	1.0	232(87.5%)	1	0	1.0	232	2
2017-12-12-3580	pfama1.006	38	1.0	24404(96.8%)	1	0	1.0	24404	2
2017-12-12-3602	pfama1.028	10	0.100000170700218	24(70.6%)	2	0	0.5444439999999999	13	2
2017-12-12-3602	pfama1.000	89	0.8999998292997821	24(70.6%)	2	1	0.455556	11	2
2017-12-12-3604	pfama1.037	5	0.00884956010666422	67518(94.6%)	15	0	0.1653998842200811	11166	2
2017-12-12-3604	pfama1.000	89	0.15929177979610384	67518(94.6%)	15	1	0.12737991083406244	8575	2
2017-12-12-3604	pfama1.019	15	0.02654862996601731	67518(94.6%)	15	2	0.11020592285585402	7468	2
2017-12-12-3604	pfama1.010	34	0.06017702886690684	67518(94.6%)	15	3	0.10459792678145127	7078	2
2017-12-12-3604	pfama1.004	53	0.09380532705984566	67518(94.6%)	15	4	0.08866693793314347	5996	2
2017-12-12-3604	pfama1.014	29	0.05132741840626727	67518(94.6%)	15	5	0.0850572404599317	5738	2
2017-12-12-3604	pfama1.012	30	0.05309736063998532	67518(94.6%)	15	6	0.08197744261579018	5537	2
2017-12-12-3604	pfama1.003	52	0.09734511081933107	67518(94.6%)	15	7	0.05735965984823812	3862	2
2017-12-12-3604	pfama1.001	72	0.12743382666868594	67518(94.6%)	15	8	0.05118106417325509	3444	2
2017-12-12-3604	pfama1.002	70	0.1238939422012498	67518(94.6%)	15	9	0.036403974517217844	2448	2
2017-12-12-3604	pfama1.015	22	0.03893802418614229	67518(94.6%)	15	10	0.03488447558086711	2379	2
2017-12-12-3604	pfama1.044	3	0.005309736063998533	67518(94.6%)	15	11	0.016734288285998204	1125	2
2017-12-12-3604	pfama1.020	15	0.02654862996601731	67518(94.6%)	15	12	0.015480289163797588	1043	2
2017-12-12-3604	pfama1.007	37	0.0654867548601103	67518(94.6%)	15	13	0.014559189808567139	981	2
2017-12-12-3604	pfama1.009	35	0.06194687039267419	67518(94.6%)	15	14	0.010111792921744956	678	2
2017-12-12-3614	pfama1.002	70	1.0	335(95.7%)	1	0	1.0	335	2
2017-12-12-3617	pfama1.006	38	1.0	18579(97.5%)	1	0	1.0	18579	1
2017-12-13-3630	pfama1.007	37	1.0	9868(97.2%)	1	0	1.0	9868	2
2017-12-13-3637	pfama1.004	53	1.0	17749(94%)	1	0	1.0	17417	1
2017-12-13-3642	pfama1.002	70	1.0	28887(87.5%)	1	0	1.0	28887	3
2017-12-18-3122	pfama1.001	72	1.0	23(65.7%)	1	0	1.0	23	2
2017-12-18-3148	pfama1.001	72	1.0	20625(96.5%)	1	0	1.0	20625	2
2017-12-18-3154	pfama1.000	89	1.0	82961(99.3%)	1	0	1.0	82961	2
2017-12-18-3190	pfama1.001	72	1.0	732(92.9%)	1	0	1.0	732	2
2017-12-18-3205	pfama1.027	11	0.09734543575882026	13433(96.3%)	3	0	0.7484454490672694	10096	2
2017-12-18-3205	pfama1.025	12	0.10619465461660937	13433(96.3%)	3	1	0.24015914409548644	3186	2
2017-12-18-3205	pfama1.000	89	0.7964599096245704	13433(96.3%)	3	2	0.0113954068372441	151	2
2017-12-18-3649	pfama1.002	70	1.0	18694(93.5%)	1	0	1.0	18000	1
2017-12-18-3659	pfama1.016	22	0.43137243963856214	463(92%)	2	0	0.5418500225891097	246	1
2017-12-18-3659	pfama1.013	29	0.5686275603614378	463(92%)	2	1	0.45814997741089025	208	1
2017-12-18-3665	pfama1.002	70	1.0	211(87.2%)	1	0	1.0	211	2
2017-12-18-3824	pfama1.000	89	1.0	26487(82.5%)	1	0	1.0	26271	2
2017-12-19-3672	pfama1.013	29	0.707317343962074	13603(97.5%)	2	0	0.955771713268486	12992	2
2017-12-19-3672	pfama1.026	12	0.2926826560379259	13603(97.5%)	2	1	0.04422828673151398	611	2
2017-12-19-3673	pfama1.009	35	0.41666655376982864	4286(95.2%)	2	0	0.675942	2848	2
2017-12-19-3673	pfama1.005	48	0.5833334462301714	4286(95.2%)	2	1	0.324058	1438	2
2017-12-19-3677	pfama1.021	14	0.09395978280254072	2754(95.9%)	4	0	0.6137622455048982	1690	2
2017-12-19-3677	pfama1.002	70	0.4697989140127036	2754(95.9%)	4	1	0.262328104931242	723	2
2017-12-19-3677	pfama1.009	35	0.23489907512742345	2754(95.9%)	4	2	0.09615193846077537	265	2
2017-12-19-3677	pfama1.011	30	0.2013422280573322	2754(95.9%)	4	3	0.02775771110308444	76	2
2017-12-19-3681	pfama1.005	48	1.0	18991(95%)	1	0	1.0	18201	1
2017-12-19-3685	pfama1.031	9	0.40909055640474545	434(94.1%)	2	0	0.8209305165712372	353	1
2017-12-19-3685	pfama1.023	13	0.5909094435952545	434(94.1%)	2	1	0.1790694834287629	77	1
2017-12-20-3708	pfama1.005	48	1.0	120180(98.3%)	1	0	1.0	120180	2
2017-12-20-3709	pfama1.015	22	1.0	25904(97.9%)	1	0	1.0	25904	2
2017-12-20-3713	pfama1.018	16	1.0	33917(89.7%)	1	0	1.0	33917	2
2017-12-20-3714	pfama1.004	53	0.5955056682615711	46713(92.7%)	2	0	0.8429530000000001	39390	2
2017-12-20-3714	pfama1.008	36	0.40449433173842886	46713(92.7%)	2	1	0.157047	7323	2
2017-12-20-3720	pfama1.001	72	1.0	40308(92.8%)	1	0	1.0	40308	2
2017-12-20-3728	pfama1.004	53	1.0	43449(93.8%)	1	0	1.0	43449	2
2017-12-27-3747	pfama1.001	72	1.0	80(94.1%)	1	0	1.0	80	2
2017-12-27-3758	pfama1.019	15	0.9374998888670376	7027(93.3%)	2	0	0.8701313336304849	6077	1
2017-12-27-3758	pfama1.069	1	0.06250011113296232	7027(93.3%)	2	1	0.12986866636951505	907	1
2017-12-27-3762	pfama1.007	37	1.0	221(90.2%)	1	0	1.0	221	2
2017-12-27-3766	pfama1.003	52	1.0	66(94.3%)	1	0	1.0	66	1
2017-12-27-3777	pfama1.013	29	0.28712868944417036	27289(86.5%)	4	0	0.5859860585986059	14610	2
2017-12-27-3777	pfama1.006	38	0.3762374765062136	27289(86.5%)	4	1	0.21205802120580214	6719	2
2017-12-27-3777	pfama1.011	30	0.29702985357319067	27289(86.5%)	4	2	0.11617801161780117	3314	2
2017-12-27-3777	pfama1.040	4	0.039603980476425424	27289(86.5%)	4	3	0.08577790857779087	2646	2
2017-12-28-3785	pfama1.000	89	0.9278348701241185	63299(93.6%)	2	0	0.9167628166474366	57976	2
2017-12-28-3785	pfama1.033	7	0.07216512987588158	63299(93.6%)	2	1	0.08323718335256333	5323	2
2017-12-28-3786	pfama1.005	48	0.23222732583961814	24461(96.9%)	4	0	0.8038737588378724	19643	2
2017-12-28-3786	pfama1.007	37	0.17535541572968258	24461(96.9%)	4	1	0.12154996353501095	2975	2
2017-12-28-3786	pfama1.004	53	0.25118471909894197	24461(96.9%)	4	2	0.04457658662702401	1108	2
2017-12-28-3786	pfama1.001	72	0.3412325393317572	24461(96.9%)	4	3	0.029999691000092702	735	2
2017-12-28-3787	pfama1.003	52	1.0	50023(94%)	1	0	1.0	50023	2
2017-12-28-3816	pfama1.000	89	1.0	12898(96.4%)	1	0	1.0	12898	2
2017-12-28-3818	pfama1.009	35	1.0	29320(95.4%)	1	0	1.0	29320	2
2017-12-29-3093	pfama1.035	6	1.0	35323(89.1%)	1	0	1.0	35323	3
2017-12-29-3095	pfama1.006	38	1.0	576(95.8%)	1	0	1.0	576	2
2017-12-29-3096	pfama1.012	30	0.41095893614185397	3990(97.8%)	3	0	0.5205511561653469	2077	1
2017-12-29-3096	pfama1.030	9	0.12328744700702209	3990(97.8%)	3	1	0.4503761351128406	1797	1
2017-12-29-3096	pfama1.010	34	0.4657536168511239	3990(97.8%)	3	2	0.029072708721812623	116	1
2017-12-29-3315	pfama1.021	14	1.0	24(96%)	1	0	1.0	24	2
2017-12-29-3364	pfama1.017	20	1.0	96(96%)	1	0	1.0	96	2
2018-01-03-3164	pfama1.000	89	0.7563022799234574	37668(98.5%)	2	0	0.8452280000000001	31923	2
2018-01-03-3164	pfama1.014	29	0.24369772007654253	37668(98.5%)	2	1	0.154772	5745	2
2018-01-04-3285	pfama1.008	36	0.230769090483336	84046(95.9%)	5	0	0.6381996681361726	53173	2
2018-01-04-3285	pfama1.002	70	0.4487181825277734	84046(95.9%)	5	1	0.19737489736505337	16814	2
2018-01-04-3285	pfama1.028	10	0.06410254539777814	84046(95.9%)	5	2	0.12022793748147252	10185	2
2018-01-04-3285	pfama1.036	6	0.038461454290001584	84046(95.9%)	5	3	0.03672208090451793	3217	2
2018-01-04-3285	pfama1.010	34	0.21794872730111092	84046(95.9%)	5	4	0.007475416112783621	657	2
2018-01-04-3523	pfama1.004	53	1.0	45796(92.8%)	1	0	1.0	45796	2
2018-01-04-3527	pfama1.002	70	1.0	76742(90.4%)	1	0	1.0	76742	2
2018-01-08-3540	pfama1.009	35	0.9722222002700538	12923(84.6%)	2	0	0.8930529460041576	11081	1
2018-01-08-3540	pfama1.071	1	0.027777799729946175	12923(84.6%)	2	1	0.1069470539958423	1327	1
2018-01-08-3541	pfama1.008	36	1.0	26098(81.3%)	1	0	1.0	25890	2
2018-01-08-3542	pfama1.026	12	0.09302309168925024	38245(87.3%)	4	0	0.8609437417168776	32864	2
2018-01-08-3542	pfama1.010	34	0.26356601456639567	38245(87.3%)	4	1	0.0720100783969765	2798	2
2018-01-08-3542	pfama1.004	53	0.41085272343608853	38245(87.3%)	4	2	0.05650788304763509	2180	2
2018-01-08-3542	pfama1.011	30	0.23255817030826562	38245(87.3%)	4	3	0.010538296838510947	403	2
2018-01-08-3546	pfama1.009	35	0.5384613364497026	68982(71.8%)	2	0	0.703321	48488	2
2018-01-08-3546	pfama1.012	30	0.46153866355029743	68982(71.8%)	2	1	0.29667899999999997	20494	2
2018-01-09-3575	pfama1.000	89	1.0	18741(83.9%)	1	0	1.0	17958	1
2018-01-09-3578	pfama1.022	13	0.08609271647954038	58703(80.1%)	5	0	0.3589943230948908	20657	2
2018-01-09-3578	pfama1.013	29	0.1920529539296516	58703(80.1%)	5	1	0.24785522306970081	15322	2
2018-01-09-3578	pfama1.038	5	0.03311259775448478	58703(80.1%)	5	2	0.1760451584406426	10495	2
2018-01-09-3578	pfama1.003	52	0.3642383868887324	58703(80.1%)	5	3	0.13708412337571102	7725	2
2018-01-09-3578	pfama1.005	48	0.3245033449475907	58703(80.1%)	5	4	0.08002117201905481	4504	2
2018-01-09-3579	pfama1.029	9	1.0	41106(91.8%)	1	0	1.0	41106	2
2018-01-09-3602	pfama1.019	15	0.05454539059171672	28885(79.6%)	6	0	0.4170327914836042	11968	2
2018-01-09-3602	pfama1.000	89	0.3272723435503003	28885(79.6%)	6	1	0.26196986901506547	7831	2
2018-01-09-3602	pfama1.005	48	0.17818188514514366	28885(79.6%)	6	2	0.11779294110352945	3092	2
2018-01-09-3602	pfama1.022	13	0.047272740815871746	28885(79.6%)	6	3	0.11493494253252873	3266	2
2018-01-09-3602	pfama1.002	70	0.25454584579185063	28885(79.6%)	6	4	0.049187675406162285	1366	2
2018-01-09-3602	pfama1.006	38	0.13818179410511688	28885(79.6%)	6	5	0.039081780459109774	1362	2
2018-01-09-3604	pfama1.019	15	0.05454537930577856	91091(91.8%)	8	0	0.5247831469392812	47816	2
2018-01-09-3604	pfama1.014	29	0.10545453793057787	91091(91.8%)	8	1	0.21707206078017705	19980	2
2018-01-09-3604	pfama1.009	35	0.1272726896528893	91091(91.8%)	8	2	0.12160103404828956	10878	2
2018-01-09-3604	pfama1.004	53	0.19272735172893252	91091(91.8%)	8	3	0.08320462329729454	7536	2
2018-01-09-3604	pfama1.003	52	0.20000000000000004	91091(91.8%)	8	4	0.017196904815133352	1551	2
2018-01-09-3604	pfama1.007	37	0.13454554483306574	91091(91.8%)	8	5	0.01592400445872125	1475	2
2018-01-09-3604	pfama1.020	15	0.05454537930577856	91091(91.8%)	8	6	0.01261280353158499	1178	2
2018-01-09-3604	pfama1.008	36	0.13090911724297752	91091(91.8%)	8	7	0.007605422129518198	677	2
2018-01-09-3614	pfama1.002	70	1.0	48374(92.8%)	1	0	1.0	48374	2
2018-01-09-3615	pfama1.005	48	1.0	22409(92.3%)	1	0	1.0	21833	1
2018-01-09-3616	pfama1.002	70	1.0	57664(94.4%)	1	0	1.0	57664	2
2018-01-10-3630	pfama1.007	37	1.0	57132(97.3%)	1	0	1.0	57132	2
2018-01-10-3635	pfama1.006	38	1.0	38494(91.5%)	1	0	1.0	38227	2
2018-01-15-3122	pfama1.001	72	1.0	29603(62.7%)	1	0	1.0	29603	2
2018-01-15-3148	pfama1.001	72	1.0	10356(84.8%)	1	0	1.0	9982	1
2018-01-15-3154	pfama1.000	89	1.0	46524(93.7%)	1	0	1.0	46524	2
2018-01-15-3190	pfama1.001	72	1.0	44785(96%)	1	0	1.0	44785	2
2018-01-15-3658	pfama1.001	72	1.0	42701(91.6%)	1	0	1.0	42701	2
2018-01-15-3659	pfama1.013	29	1.0	43490(91.1%)	1	0	1.0	43490	2
2018-01-15-3665	pfama1.002	70	1.0	43399(91.2%)	1	0	1.0	43399	2
2018-01-15-3825	pfama1.000	89	1.0	42567(91.3%)	1	0	1.0	42567	2
2018-01-16-3672	pfama1.013	29	1.0	36485(77.9%)	1	0	1.0	36485	2
2018-01-16-3677	pfama1.021	14	0.06334843026963621	19360(62.2%)	5	0	0.409807	7210	2
2018-01-16-3677	pfama1.009	35	0.15837081820829035	19360(62.2%)	5	1	0.371531	7861	2
2018-01-16-3677	pfama1.001	72	0.3257920742243006	19360(62.2%)	5	2	0.135684	2956	2
2018-01-16-3677	pfama1.002	70	0.31674215134818107	19360(62.2%)	5	3	0.045171499999999996	626	2
2018-01-16-3677	pfama1.011	30	0.1357465259495918	19360(62.2%)	5	4	0.0378065	707	2
2018-01-16-3685	pfama1.023	13	0.5909094435952545	63274(97.8%)	2	0	0.869851	55051	2
2018-01-16-3685	pfama1.031	9	0.40909055640474545	63274(97.8%)	2	1	0.13014900000000001	8223	2
2018-01-17-3205	pfama1.025	12	0.10619465461660937	38256(83.9%)	3	0	0.8617140861714085	32590	2
2018-01-17-3205	pfama1.027	11	0.09734543575882026	38256(83.9%)	3	1	0.10415301041530103	4360	2
2018-01-17-3205	pfama1.000	89	0.7964599096245704	38256(83.9%)	3	2	0.03413290341329034	1306	2
2018-01-17-3709	pfama1.015	22	1.0	85072(90.2%)	1	0	1.0	85072	2
2018-01-17-3713	pfama1.018	16	1.0	50890(93.1%)	1	0	1.0	50890	2
2018-01-17-3714	pfama1.004	53	0.5955056682615711	48042(89.4%)	2	0	0.685706	33060	2
2018-01-17-3714	pfama1.008	36	0.40449433173842886	48042(89.4%)	2	1	0.314294	14982	2
2018-01-17-3728	pfama1.004	53	1.0	52403(83.3%)	1	0	1.0	52403	2
2018-01-22-3746	pfama1.012	30	0.29999982930017055	33977(76.4%)	2	0	0.578017	20177	2
2018-01-22-3746	pfama1.002	70	0.7000001706998296	33977(76.4%)	2	1	0.421983	13800	2
2018-01-22-3747	pfama1.001	72	1.0	55724(87.6%)	1	0	1.0	55404	2
2018-01-22-3761	pfama1.006	38	1.0	79023(95.1%)	1	0	1.0	79023	2
2018-01-22-3762	pfama1.007	37	1.0	76540(86.6%)	1	0	1.0	76540	2
2018-01-22-3766	pfama1.003	52	0.3793106695841352	32946(79.3%)	2	0	0.609949	20054	2
2018-01-22-3766	pfama1.000	89	0.6206893304158648	32946(79.3%)	2	1	0.39005100000000004	12892	2
2018-01-22-3777	pfama1.011	30	0.441176692084791	61581(86.9%)	2	0	0.9196570919657092	56317	2
2018-01-22-3777	pfama1.006	38	0.558823307915209	61581(86.9%)	2	1	0.0803429080342908	5264	2
2018-01-23-3805	pfama1.001	72	1.0	427579(74.9%)	1	0	1.0	427579	3
2018-01-23-3815	pfama1.000	89	1.0	44451(93.5%)	1	0	1.0	44451	2
2018-01-23-3816	pfama1.000	89	1.0	34484(92.9%)	1	0	1.0	34484	2
2018-01-23-3818	pfama1.009	35	1.0	38928(88.9%)	1	0	1.0	38928	2
2018-01-24-3079	pfama1.013	29	1.0	42492(91%)	1	0	1.0	42492	2
2018-01-24-3095	pfama1.006	38	1.0	44989(94.7%)	1	0	1.0	44989	2
2018-01-24-3096	pfama1.014	29	0.3085106061000435	46745(82.2%)	4	0	0.8159126690483886	38020	2
2018-01-24-3096	pfama1.010	34	0.3617024238795995	46745(82.2%)	4	1	0.13889611389481338	6665	2
2018-01-24-3096	pfama1.030	9	0.09574454562018278	46745(82.2%)	4	2	0.035796829353400075	1611	2
2018-01-24-3096	pfama1.015	22	0.2340424244001741	46745(82.2%)	4	3	0.009394387703397917	449	2
2018-01-24-3315	pfama1.007	37	0.3457944273124122	40550(85.2%)	4	0	0.8691593661644019	34157	2
2018-01-24-3315	pfama1.021	14	0.13084122089260636	40550(85.2%)	4	1	0.08808358386755542	3337	2
2018-01-24-3315	pfama1.015	22	0.20560725299163574	40550(85.2%)	4	2	0.024174103289603534	1104	2
2018-01-24-3315	pfama1.010	34	0.3177570988033457	40550(85.2%)	4	3	0.018582946678439044	738	2
2018-01-24-3364	pfama1.017	20	1.0	46190(93.3%)	1	0	1.0	46190	2
2018-01-24-3505	pfama1.032	7	1.0	59621(93.6%)	1	0	1.0	59621	2
2018-01-24-3510	pfama1.024	12	1.0	58438(91.9%)	1	0	1.0	58438	2
2018-01-24-3785	pfama1.033	7	1.0	58262(87.8%)	1	0	1.0	58262	2
2018-01-24-3786	pfama1.004	53	0.23144098293324042	47021(89.3%)	4	0	0.8988978471873659	42230	2
2018-01-24-3786	pfama1.005	48	0.2139736873687294	47021(89.3%)	4	1	0.07791988675361924	3686	2
2018-01-24-3786	pfama1.003	52	0.24017450647976313	47021(89.3%)	4	2	0.014004097619303404	667	2
2018-01-24-3786	pfama1.001	72	0.3144108232182671	47021(89.3%)	4	3	0.009178168439711363	438	2
2018-01-24-3787	pfama1.003	52	1.0	41701(92.4%)	1	0	1.0	41701	2
2018-01-26-3154	pfama1.000	89	1.0	169479(98.6%)	1	0	1.0	169479	2
2018-01-29-3164	pfama1.014	29	0.24369772007654253	44103(94.8%)	2	0	0.677784	29906	2
2018-01-29-3164	pfama1.000	89	0.7563022799234574	44103(94.8%)	2	1	0.322216	14197	2
2018-01-29-3521	pfama1.000	89	1.0	66744(90.6%)	1	0	1.0	66744	2
2018-01-30-3285	pfama1.001	72	0.5901642402576355	51907(95%)	4	0	0.366554	20121	2
2018-01-30-3285	pfama1.028	10	0.08196715194847293	51907(95%)	4	1	0.27220900000000003	14032	2
2018-01-30-3285	pfama1.010	34	0.27868840990338667	51907(95%)	4	2	0.21078899999999998	9726	2
2018-01-30-3285	pfama1.036	6	0.04918019789050494	51907(95%)	4	3	0.150448	8028	2
2018-01-30-3523	pfama1.004	53	1.0	48505(90.3%)	1	0	1.0	48505	2
2018-01-30-3525	pfama1.011	30	1.0	98910(91.1%)	1	0	1.0	98910	2
2018-01-30-3677	pfama1.001	72	0.37696356914533913	42177(79%)	4	0	0.5356798928640214	22588	2
2018-01-30-3677	pfama1.021	14	0.0732984386776574	42177(79%)	4	1	0.299525940094812	12628	2
2018-01-30-3677	pfama1.002	70	0.366492193388287	42177(79%)	4	2	0.11006097798780438	4625	2
2018-01-30-3677	pfama1.009	35	0.18324579878871652	42177(79%)	4	3	0.054733189053362184	2336	2
2018-02-05-3540	pfama1.010	34	1.0	42969(50%)	1	0	1.0	42969	2
2018-02-05-3541	pfama1.008	36	1.0	86903(88.3%)	1	0	1.0	86903	2
2018-02-05-3542	pfama1.001	72	0.42105298184026424	54027(98.3%)	4	0	0.9136778172644365	49374	2
2018-02-05-3542	pfama1.026	12	0.07017527514121004	54027(98.3%)	4	1	0.04942169011566197	2662	2
2018-02-05-3542	pfama1.004	53	0.3099413531207626	54027(98.3%)	4	2	0.022459595508080892	1208	2
2018-02-05-3542	pfama1.010	34	0.19883038989776308	54027(98.3%)	4	3	0.014440897111820575	783	2
2018-02-06-3546	pfama1.009	35	0.9722222002700538	130331(85.2%)	2	0	0.9344446181985825	108019	1
2018-02-06-3546	pfama1.076	1	0.027777799729946175	130331(85.2%)	2	1	0.06555538180141751	7578	1
2018-02-06-3577	pfama1.000	89	0.9890109683975067	37106(91.3%)	2	0	0.8094344109816536	29805	1
2018-02-06-3577	pfama1.067	1	0.010989031602493272	37106(91.3%)	2	1	0.19056558901834642	7017	1
2018-02-06-3578	pfama1.022	13	0.03504044656244095	39793(70.9%)	10	0	0.21221793633461913	8450	2
2018-02-06-3578	pfama1.012	30	0.08086260438317305	39793(70.9%)	10	1	0.1506269548119136	6020	2
2018-02-06-3578	pfama1.014	29	0.07816713822626518	39793(70.9%)	10	2	0.1284729614581116	5118	2
2018-02-06-3578	pfama1.018	16	0.04312669166382422	39793(70.9%)	10	3	0.11042696687190996	4414	2
2018-02-06-3578	pfama1.000	89	0.2425873530414981	39793(70.9%)	10	4	0.10988096703570992	4317	2
2018-02-06-3578	pfama1.008	36	0.0970350945859396	39793(70.9%)	10	5	0.09473617157914854	3794	2
2018-02-06-3578	pfama1.006	38	0.10242587353041499	39793(70.9%)	10	6	0.06569138029258592	2625	2
2018-02-06-3578	pfama1.013	29	0.07816713822626518	39793(70.9%)	10	7	0.048553585433924386	1904	2
2018-02-06-3578	pfama1.003	52	0.14824803135114709	39793(70.9%)	10	8	0.04143018757094373	1639	2
2018-02-06-3578	pfama1.009	35	0.09433962842903172	39793(70.9%)	10	9	0.03796288861113343	1512	2
2018-02-06-3579	pfama1.029	9	1.0	87893(87.4%)	1	0	1.0	87893	2
2018-02-06-3602	pfama1.012	30	0.09523815544974762	37055(73.9%)	8	0	0.27977688808924484	10350	2
2018-02-06-3602	pfama1.002	70	0.22222254335103497	37055(73.9%)	8	1	0.2572218971112412	9603	2
2018-02-06-3602	pfama1.022	13	0.04126984929806159	37055(73.9%)	8	2	0.16142693542922584	5977	2
2018-02-06-3602	pfama1.000	89	0.2857139244443714	37055(73.9%)	8	3	0.143512942594823	5299	2
2018-02-06-3602	pfama1.005	48	0.1555555997107673	37055(73.9%)	8	4	0.08667596532961389	3149	2
2018-02-06-3602	pfama1.006	38	0.12063488852203937	37055(73.9%)	8	5	0.035930285627885764	1346	2
2018-02-06-3602	pfama1.028	10	0.03174605181658255	37055(73.9%)	8	6	0.022576590969363614	857	2
2018-02-06-3602	pfama1.019	15	0.04761898740739523	37055(73.9%)	8	7	0.012878494848602063	474	2
2018-02-06-3614	pfama1.002	70	0.9459459875090809	250706(65.3%)	2	0	0.7497453359659775	179984	2
2018-02-06-3614	pfama1.039	4	0.054054012490919075	250706(65.3%)	2	1	0.2502546640340225	64187	2
2018-02-06-3616	pfama1.002	70	1.0	42873(91.2%)	1	0	1.0	42873	2
2018-02-06-3617	pfama1.003	52	0.0973451108193311	93339(93%)	15	0	0.17979100000000003	16709	2
2018-02-06-3617	pfama1.007	37	0.06548675486011032	93339(93%)	15	1	0.134754	12546	2
2018-02-06-3617	pfama1.015	22	0.038938024186142305	93339(93%)	15	2	0.13212400000000002	12293	2
2018-02-06-3617	pfama1.002	70	0.12389394220124983	93339(93%)	15	3	0.129586	12103	2
2018-02-06-3617	pfama1.000	89	0.1592917797961039	93339(93%)	15	4	0.10333	9651	2
2018-02-06-3617	pfama1.019	15	0.026548629966017312	93339(93%)	15	5	0.05744520000000001	5398	2
2018-02-06-3617	pfama1.044	3	0.005309736063998534	93339(93%)	15	6	0.0494886	4589	2
2018-02-06-3617	pfama1.001	72	0.12743382666868597	93339(93%)	15	7	0.044958700000000004	4215	2
2018-02-06-3617	pfama1.010	34	0.06017702886690685	93339(93%)	15	8	0.04234860000000001	3927	2
2018-02-06-3617	pfama1.014	29	0.05132741840626728	93339(93%)	15	9	0.028125800000000003	2702	2
2018-02-06-3617	pfama1.012	30	0.05309736063998533	93339(93%)	15	10	0.023548700000000002	2199	2
2018-02-06-3617	pfama1.009	35	0.06194687039267421	93339(93%)	15	11	0.023466700000000004	2218	2
2018-02-06-3617	pfama1.037	5	0.008849560106664222	93339(93%)	15	12	0.019960500000000003	1848	2
2018-02-06-3617	pfama1.020	15	0.026548629966017312	93339(93%)	15	13	0.016576300000000006	1560	2
2018-02-06-3617	pfama1.004	53	0.09380532705984568	93339(93%)	15	14	0.014495900000000003	1381	2
2018-02-07-3630	pfama1.007	37	1.0	39498(89%)	1	0	1.0	39498	2
2018-02-07-3635	pfama1.006	38	1.0	119486(98.6%)	1	0	1.0	119486	2
2018-02-07-3642	pfama1.002	70	1.0	48796(88.6%)	1	0	1.0	48796	2
2018-02-12-3122	pfama1.001	72	1.0	68160(88.6%)	1	0	1.0	68160	2
2018-02-12-3154	pfama1.000	89	1.0	48387(86.1%)	1	0	1.0	48387	2
2018-02-12-3190	pfama1.001	72	1.0	69643(95.9%)	1	0	1.0	69643	2
2018-02-12-3202	pfama1.025	12	1.0	41673(92.6%)	1	0	1.0	41673	2
2018-02-12-3205	pfama1.025	12	0.10619465461660937	38151(83.9%)	3	0	0.8363057491082753	32079	2
2018-02-12-3205	pfama1.027	11	0.09734543575882026	38151(83.9%)	3	1	0.1274229617731115	4711	2
2018-02-12-3205	pfama1.000	89	0.7964599096245704	38151(83.9%)	3	2	0.03627128911861326	1361	2
2018-02-12-3659	pfama1.016	22	0.6285712892244365	52504(97.4%)	2	0	0.9806669019333097	51528	2
2018-02-12-3659	pfama1.023	13	0.3714287107755635	52504(97.4%)	2	1	0.01933309806669019	976	2
2018-02-12-3665	pfama1.002	70	1.0	62413(94.5%)	1	0	1.0	62413	2
2018-02-13-3672	pfama1.003	52	0.8208957251949888	67005(77.2%)	2	0	0.8496319999999999	55356	2
2018-02-13-3672	pfama1.026	12	0.17910427480501126	67005(77.2%)	2	1	0.150368	11649	2
2018-02-13-3677	pfama1.021	14	1.0	30556(78.6%)	1	0	1.0	30556	2
2018-02-13-3685	pfama1.023	13	0.5909094435952545	42634(82.3%)	2	0	0.7729199999999999	32921	2
2018-02-13-3685	pfama1.031	9	0.40909055640474545	42634(82.3%)	2	1	0.22708000000000003	9713	2
2018-02-14-3708	pfama1.005	48	1.0	112770(98.5%)	1	0	1.0	112770	2
2018-02-14-3709	pfama1.015	22	1.0	60105(94.3%)	1	0	1.0	60105	2
2018-02-14-3713	pfama1.018	16	1.0	76608(87.1%)	1	0	1.0	76608	2
2018-02-14-3714	pfama1.008	36	1.0	37547(76.3%)	1	0	1.0	37547	2
2018-02-14-3728	pfama1.004	53	1.0	60386(76.2%)	1	0	1.0	60386	3
2018-02-19-3746	pfama1.002	70	1.0	46260(92%)	1	0	1.0	46260	2
2018-02-19-3747	pfama1.001	72	1.0	38777(91.9%)	1	0	1.0	38777	2
2018-02-19-3761	pfama1.006	38	1.0	47210(96.6%)	1	0	1.0	47210	2
2018-02-19-3762	pfama1.007	37	0.9487179561998643	16200(80.9%)	3	0	0.9490542329618529	13096	1
2018-02-19-3762	pfama1.085	1	0.025641021900067902	16200(80.9%)	3	1	0.03695922270052211	510	1
2018-02-19-3762	pfama1.125	1	0.025641021900067902	16200(80.9%)	3	2	0.013986544337624965	193	1
2018-02-19-3766	pfama1.003	52	1.0	52801(94.5%)	1	0	1.0	52801	2
2018-02-19-3777	pfama1.011	30	1.0	32374(64.5%)	1	0	1.0	32374	2
2018-02-20-3786	pfama1.005	48	0.3525179060970174	33164(74.9%)	3	0	0.4306	14236	2
2018-02-20-3786	pfama1.004	53	0.38129496991873946	33164(74.9%)	3	1	0.41298199999999996	13707	2
2018-02-20-3786	pfama1.007	37	0.26618712398424327	33164(74.9%)	3	2	0.156418	5221	2
2018-02-20-3787	pfama1.003	52	1.0	42571(93.4%)	1	0	1.0	42571	2
2018-02-20-3805	pfama1.001	72	1.0	36110(89.6%)	1	0	1.0	36110	2
2018-02-21-3079	pfama1.013	29	1.0	80492(87.8%)	1	0	1.0	80492	2
2018-02-21-3093	pfama1.035	6	1.0	69112(88.9%)	1	0	1.0	68626	2
2018-02-21-3095	pfama1.006	38	1.0	42556(95.4%)	1	0	1.0	42556	2
2018-02-21-3096	pfama1.010	34	0.2956523460113107	25625(59.6%)	4	0	0.6265252506101002	16027	2
2018-02-21-3096	pfama1.015	22	0.19130419724010314	25625(59.6%)	4	1	0.2505171002068401	6498	2
2018-02-21-3096	pfama1.012	30	0.2608696297542415	25625(59.6%)	4	2	0.09524983809993524	2407	2
2018-02-21-3096	pfama1.014	29	0.25217382699434465	25625(59.6%)	4	3	0.02770781108312443	693	2
2018-02-21-3315	pfama1.021	14	0.13084122089260636	48981(85%)	4	0	0.8290820829082083	40610	2
2018-02-21-3315	pfama1.015	22	0.20560725299163574	48981(85%)	4	1	0.07403680740368074	3628	2
2018-02-21-3315	pfama1.007	37	0.3457944273124122	48981(85%)	4	2	0.07304800730480072	3576	2
2018-02-21-3315	pfama1.010	34	0.3177570988033457	48981(85%)	4	3	0.023833102383310236	1167	2
2018-02-21-3364	pfama1.017	20	1.0	58094(94.3%)	1	0	1.0	58094	2
2018-02-21-3505	pfama1.032	7	1.0	12382(80.5%)	1	0	1.0	11551	1
2018-02-21-3510	pfama1.024	12	1.0	90807(86.1%)	1	0	1.0	90807	2
2018-02-21-3816	pfama1.000	89	1.0	45411(96.6%)	1	0	1.0	45411	2
2018-02-21-3818	pfama1.009	35	1.0	71874(96.2%)	1	0	1.0	71874	2
2018-02-26-3164	pfama1.000	89	0.7563022799234574	55826(95.1%)	2	0	0.5611649999999999	31675	2
2018-02-26-3164	pfama1.014	29	0.24369772007654253	55826(95.1%)	2	1	0.43883500000000003	24151	2
2018-02-27-3285	pfama1.008	36	0.4736841317174736	72498(93.5%)	3	0	0.45262	32843	2
2018-02-27-3285	pfama1.036	6	0.07894723050557881	72498(93.5%)	3	1	0.449537	32545	2
2018-02-27-3285	pfama1.010	34	0.44736863777694746	72498(93.5%)	3	2	0.09784300000000001	7110	2
2018-02-27-3523	pfama1.004	53	1.0	75565(88%)	1	0	1.0	75565	2
2018-02-27-3525	pfama1.011	30	1.0	81041(84.4%)	1	0	1.0	81041	2
2018-02-27-3527	pfama1.002	70	1.0	12546(83%)	1	0	1.0	12266	1
2018-02-28-3535	pfama1.032	7	0.04142017850846821	386(87.1%)	5	0	0.6358694175716069	234	1
2018-02-28-3535	pfama1.000	89	0.5325437093097578	386(87.1%)	5	1	0.2282611124111794	84	1
2018-02-28-3535	pfama1.002	70	0.4142017850846821	386(87.1%)	5	2	0.09782595128201711	36	1
2018-02-28-3535	pfama1.096	1	0.005917163548546013	386(87.1%)	5	3	0.0244565402661111	9	1
2018-02-28-3535	pfama1.120	1	0.005917163548546013	386(87.1%)	5	4	0.013586978469085463	5	1
2018-03-05-3541	pfama1.008	36	1.0	40067(90%)	1	0	1.0	39284	1
2018-03-05-3542	pfama1.037	5	0.032051290234630395	69547(97.2%)	6	0	0.7593214988478109	52795	2
2018-03-05-3542	pfama1.026	12	0.07692295066570254	69547(97.2%)	6	1	0.1809468805750588	12585	2
2018-03-05-3542	pfama1.011	30	0.19230774140778237	69547(97.2%)	6	2	0.028632681102430474	1987	2
2018-03-05-3542	pfama1.004	53	0.33974364001272955	69547(97.2%)	6	3	0.014307090557320231	1001	2
2018-03-05-3542	pfama1.010	34	0.21794884654419186	69547(97.2%)	6	4	0.010933192784092763	770	2
2018-03-05-3542	pfama1.016	22	0.14102553113496336	69547(97.2%)	6	5	0.005858656133286952	409	2
2018-03-06-3577	pfama1.000	89	1.0	48173(93.8%)	1	0	1.0	48173	2
2018-03-06-3578	pfama1.012	30	0.14492759200447833	40293(74.1%)	8	0	0.3392810339281033	13765	2
2018-03-06-3578	pfama1.038	5	0.024154598667413055	40293(74.1%)	8	1	0.3152350315235031	12349	2
2018-03-06-3578	pfama1.013	29	0.14009658980723133	40293(74.1%)	8	2	0.15539601553960153	6449	2
2018-03-06-3578	pfama1.018	16	0.07729466075987886	40293(74.1%)	8	3	0.057996005799600577	2254	2
2018-03-06-3578	pfama1.014	29	0.14009658980723133	40293(74.1%)	8	4	0.04301350430135042	1783	2
2018-03-06-3578	pfama1.008	36	0.1739130554295311	40293(74.1%)	8	5	0.04146110414611041	1723	2
2018-03-06-3578	pfama1.022	13	0.06280192904735248	40293(74.1%)	8	6	0.029108402910840287	1218	2
2018-03-06-3578	pfama1.005	48	0.23671498447688355	40293(74.1%)	8	7	0.018508901850890182	752	2
2018-03-06-3595	pfama1.002	70	1.0	76963(89.5%)	1	0	1.0	76963	2
2018-03-07-3642	pfama1.002	70	1.0	512(88.7%)	1	0	1.0	512	2
2018-03-12-3190	pfama1.001	72	1.0	68992(85.7%)	1	0	1.0	68992	2
2018-03-12-3202	pfama1.030	9	1.0	568(85.9%)	1	0	1.0	568	4
2018-03-12-3659	pfama1.013	29	1.0	42185(81.1%)	1	0	1.0	42185	2
2018-03-14-3709	pfama1.015	22	1.0	22233(89.2%)	1	0	1.0	21926	1
2018-03-14-3714	pfama1.004	53	1.0	54741(84.6%)	1	0	1.0	54741	2
2018-03-14-3728	pfama1.065	1	0.01020409881405736	984(88.7%)	3	0	0.5602910431723518	539	1
2018-03-14-3728	pfama1.000	89	0.9183671514262438	984(88.7%)	3	1	0.3960499238013428	381	1
2018-03-14-3728	pfama1.033	7	0.0714287497596988	984(88.7%)	3	2	0.043659033026305444	42	1
2018-03-19-3746	pfama1.002	70	1.0	61879(73.5%)	1	0	1.0	61879	3
2018-03-19-3747	pfama1.001	72	1.0	73588(88.1%)	1	0	1.0	73588	2
2018-03-19-3761	pfama1.006	38	1.0	39969(91.6%)	1	0	1.0	39969	2
2018-03-19-3766	pfama1.003	52	1.0	40995(89.6%)	1	0	1.0	40995	2
2018-03-19-3777	pfama1.011	30	0.43478282381853944	36661(68.8%)	3	0	0.8142929185707082	30224	2
2018-03-19-3777	pfama1.006	38	0.5507244153875093	36661(68.8%)	3	1	0.13750998624900135	4560	2
2018-03-19-3777	pfama1.078	1	0.014492760793951315	36661(68.8%)	3	2	0.04819709518029048	1877	2
2018-03-20-3786	pfama1.004	53	0.4239996649731728	118530(95.9%)	2	0	0.621586	74063	2
2018-03-20-3786	pfama1.001	72	0.5760003350268272	118530(95.9%)	2	1	0.378414	44467	2
2018-03-20-3805	pfama1.001	72	1.0	25226(90.8%)	1	0	1.0	25226	2
2018-03-20-3816	pfama1.000	89	1.0	44596(93.1%)	1	0	1.0	44596	2
2018-03-20-3818	pfama1.009	35	1.0	45034(92.1%)	1	0	1.0	45034	2
2018-03-21-3095	pfama1.006	38	1.0	41037(90%)	1	0	1.0	41037	2
2018-03-21-3096	pfama1.010	34	0.3333335192810073	44078(92.7%)	4	0	0.566656	24976	2
2018-03-21-3096	pfama1.030	9	0.08823514645331776	44078(92.7%)	4	1	0.40976999999999997	18062	2
2018-03-21-3096	pfama1.014	29	0.2843136215782607	44078(92.7%)	4	2	0.0134394	593	2
2018-03-21-3096	pfama1.012	30	0.2941177126874144	44078(92.7%)	4	3	0.0101346	447	2
2018-03-21-3313	pfama1.017	20	1.0	51893(87.3%)	1	0	1.0	51893	2
2018-03-21-3315	pfama1.007	37	0.5211267154136388	31355(98.4%)	2	0	0.9588663835465534	30049	2
2018-03-21-3315	pfama1.010	34	0.47887328458636136	31355(98.4%)	2	1	0.041133616453446584	1306	2
2018-03-21-3364	pfama1.017	20	1.0	55655(96.9%)	1	0	1.0	55655	2
2018-03-21-3505	pfama1.032	7	1.0	64907(90.7%)	1	0	1.0	64907	2
2018-03-21-3510	pfama1.024	12	1.0	44998(92%)	1	0	1.0	44998	2
2018-03-26-3164	pfama1.014	29	0.24369772007654253	58426(94.2%)	2	0	0.661208	38618	2
2018-03-26-3164	pfama1.000	89	0.7563022799234574	58426(94.2%)	2	1	0.338792	19808	2
2018-03-27-3285	pfama1.010	34	0.21518983694924088	36489(76.5%)	5	0	0.45386572768056344	16573	2
2018-03-27-3285	pfama1.008	36	0.2278479143648597	36489(76.5%)	5	1	0.27188583686849793	9912	2
2018-03-27-3285	pfama1.001	72	0.4556965489822112	36489(76.5%)	5	2	0.1238799256720446	4521	2
2018-03-27-3285	pfama1.028	10	0.06329110733058581	36489(76.5%)	5	3	0.09711014173391497	3537	2
2018-03-27-3285	pfama1.036	6	0.03797459237310231	36489(76.5%)	5	4	0.05325836804497918	1946	2
2018-03-27-3523	pfama1.004	53	1.0	69181(87.2%)	1	0	1.0	69181	2
2018-04-02-3542	pfama1.004	53	0.6385541920888461	29876(94.1%)	2	0	0.9908950099089501	29602	2
2018-04-02-3542	pfama1.011	30	0.3614458079111537	29876(94.1%)	2	1	0.0091049900910499	274	2
2018-04-03-3604	pfama1.019	15	0.029013491967130163	55200(83.2%)	13	0	0.26527702652770263	14641	2
2018-04-03-3604	pfama1.004	53	0.1025145217138726	55200(83.2%)	13	1	0.1804020180402018	10028	2
2018-04-03-3604	pfama1.000	89	0.174080951802781	55200(83.2%)	13	2	0.16347001634700162	8965	2
2018-04-03-3604	pfama1.001	72	0.13926520167425524	55200(83.2%)	13	3	0.11358101135810113	6230	2
2018-04-03-3604	pfama1.013	29	0.05609282450845673	55200(83.2%)	13	4	0.09200050920005091	5133	2
2018-04-03-3604	pfama1.031	9	0.0174080951802781	55200(83.2%)	13	5	0.06634760663476066	3686	2
2018-04-03-3604	pfama1.012	30	0.058027093992267936	55200(83.2%)	13	6	0.03508320350832035	1927	2
2018-04-03-3604	pfama1.003	52	0.10638295062348742	55200(83.2%)	13	7	0.02223180222318022	1222	2
2018-04-03-3604	pfama1.007	37	0.07156676026293123	55200(83.2%)	13	8	0.01501520150152015	813	2
2018-04-03-3604	pfama1.045	3	0.0058027093992267945	55200(83.2%)	13	9	0.014542601454260146	795	2
2018-04-03-3604	pfama1.005	48	0.09477755383663534	55200(83.2%)	13	10	0.014330301433030141	795	2
2018-04-03-3604	pfama1.037	5	0.009671182332044656	55200(83.2%)	13	11	0.0102879010287901	554	2
2018-04-03-3604	pfama1.002	70	0.1353966627066328	55200(83.2%)	13	12	0.0074308007430800745	411	2
2018-04-04-3546	pfama1.009	35	1.0	77164(84%)	1	0	1.0	77164	2
2018-04-04-3579	pfama1.029	9	1.0	78213(84.3%)	1	0	1.0	78213	2
2018-04-09-3122	pfama1.001	72	0.595041710948301	67461(88.9%)	2	0	0.9656781931356386	65082	2
2018-04-09-3122	pfama1.005	48	0.40495828905169895	67461(88.9%)	2	1	0.03432180686436137	2379	2
2018-04-09-3148	pfama1.001	72	1.0	97525(87.9%)	1	0	1.0	97525	2
2018-04-09-3190	pfama1.001	72	1.0	65261(90.9%)	1	0	1.0	65261	2
2018-04-09-3205	pfama1.027	11	0.10891122576254535	66446(75.7%)	2	0	0.9091066363573455	59928	2
2018-04-09-3205	pfama1.000	89	0.8910887742374547	66446(75.7%)	2	1	0.09089336364265455	6518	2
2018-04-09-3659	pfama1.013	29	0.6904761582199511	70960(87%)	2	0	0.732838	51042	2
2018-04-09-3659	pfama1.023	13	0.30952384178004894	70960(87%)	2	1	0.267162	19918	2
2018-04-10-3673	pfama1.005	48	1.0	89972(86.7%)	1	0	1.0	89102	2
2018-04-10-3685	pfama1.031	9	1.0	68771(65.9%)	1	0	1.0	67724	2
2018-04-11-3708	pfama1.005	48	1.0	84553(85.7%)	1	0	1.0	84553	2
2018-04-11-3713	pfama1.018	16	1.0	89188(87.1%)	1	0	1.0	89188	2
2018-04-11-3714	pfama1.008	36	1.0	38768(87.4%)	1	0	1.0	37822	1
2018-04-16-3761	pfama1.006	38	1.0	87796(85.6%)	1	0	1.0	87796	2
2018-04-16-3766	pfama1.000	89	1.0	64550(62.7%)	1	0	1.0	64550	2
2018-04-16-3777	pfama1.009	35	0.5468749444335782	61882(86%)	2	0	0.9264530926453093	57304	2
2018-04-16-3777	pfama1.013	29	0.4531250555664219	61882(86%)	2	1	0.07354690735469073	4578	2
2018-04-17-3805	pfama1.001	72	1.0	55591(91.7%)	1	0	1.0	51564	1
2018-04-18-3364	pfama1.017	20	1.0	77856(91.8%)	1	0	1.0	77856	2
2018-04-18-3505	pfama1.032	7	1.0	87259(86.6%)	1	0	1.0	87259	2
2018-04-18-3510	pfama1.024	12	1.0	67353(89.6%)	1	0	1.0	67353	2
2018-04-18-3787	pfama1.003	52	1.0	75821(84.6%)	1	0	1.0	75821	2
2018-04-23-3164	pfama1.000	89	1.0	22105(96.8%)	1	0	1.0	22105	2
2018-04-24-3523	pfama1.004	53	1.0	85672(84.1%)	1	0	1.0	85672	2
2018-04-24-3527	pfama1.002	70	1.0	76187(86.3%)	1	0	1.0	76187	2
2018-04-25-3249	pfama1.000	89	1.0	49280(88.1%)	1	0	1.0	48664	1
2018-04-30-3541	pfama1.008	36	1.0	42612(86.3%)	1	0	1.0	42366	1
2018-04-30-3546	pfama1.009	35	1.0	63973(85.2%)	1	0	1.0	63400	2
2018-05-01-3577	pfama1.000	89	0.9890109683975067	42095(88.3%)	2	0	0.9412301205750799	39254	1
2018-05-01-3577	pfama1.075	1	0.010989031602493272	42095(88.3%)	2	1	0.05876987942492012	2451	1
2018-05-01-3579	pfama1.029	9	1.0	74540(85.8%)	1	0	1.0	74540	2
2018-05-01-3604	pfama1.002	70	0.21276628494480376	24137(80.8%)	9	0	0.3740759625924037	9017	2
2018-05-01-3604	pfama1.000	89	0.2735559108645497	24137(80.8%)	9	1	0.18713498128650186	4559	2
2018-05-01-3604	pfama1.009	35	0.10638296952402235	24137(80.8%)	9	2	0.10330298966970101	2447	2
2018-05-01-3604	pfama1.019	15	0.045592651810758285	24137(80.8%)	9	3	0.09943859005614099	2412	2
2018-05-01-3604	pfama1.005	48	0.1489362265129831	24137(80.8%)	9	4	0.0795647920435208	1929	2
2018-05-01-3604	pfama1.012	30	0.09118547656989609	24137(80.8%)	9	5	0.06778379322162068	1659	2
2018-05-01-3604	pfama1.015	22	0.06686928030523867	24137(80.8%)	9	6	0.04093859590614041	987	2
2018-05-01-3604	pfama1.045	3	0.00911854765698961	24137(80.8%)	9	7	0.035183396481660356	821	2
2018-05-01-3604	pfama1.020	15	0.045592651810758285	24137(80.8%)	9	8	0.012576898742310124	306	2
2018-05-07-3122	pfama1.001	72	0.9863013869468656	43252(52.8%)	2	0	0.936633282071693	38034	2
2018-05-07-3122	pfama1.074	1	0.013698613053134297	43252(52.8%)	2	1	0.063366717928307	4102	2
2018-05-07-3148	pfama1.001	72	1.0	100116(87.8%)	1	0	1.0	99549	2
2018-05-07-3190	pfama1.001	72	1.0	78179(85.1%)	1	0	1.0	78179	2
2018-05-07-3205	pfama1.025	12	1.0	53890(55.4%)	1	0	1.0	53890	2
2018-05-07-3659	pfama1.013	29	0.6904761582199511	75824(91.3%)	2	0	0.895301	67809	2
2018-05-07-3659	pfama1.023	13	0.30952384178004894	75824(91.3%)	2	1	0.104699	8015	2
2018-05-07-3665	pfama1.002	70	1.0	81004(88.2%)	1	0	1.0	81004	2
2018-05-08-3672	pfama1.003	52	1.0	71388(86%)	1	0	1.0	71388	2
2018-05-08-3673	pfama1.005	48	0.9799999931720006	44780(87.9%)	2	0	0.9219045960649946	39924	1
2018-05-08-3673	pfama1.073	1	0.020000006827999395	44780(87.9%)	2	1	0.07809540393500543	3382	1
2018-05-09-3708	pfama1.005	48	1.0	62190(93.2%)	1	0	1.0	62190	2
2018-05-09-3709	pfama1.015	22	1.0	79426(86.6%)	1	0	1.0	79426	2
2018-05-09-3713	pfama1.018	16	1.0	83333(92.5%)	1	0	1.0	82819	2
2018-05-09-3714	pfama1.004	53	0.5955056682615711	40610(77.9%)	2	0	0.536346	21781	1
2018-05-09-3714	pfama1.008	36	0.40449433173842886	40610(77.9%)	2	1	0.463654	18829	1
2018-05-09-3728	pfama1.004	53	1.0	77056(84.9%)	1	0	1.0	76511	2
2018-05-14-3747	pfama1.001	72	1.0	81076(91.9%)	1	0	1.0	81076	2
2018-05-14-3761	pfama1.000	89	1.0	30373(88%)	1	0	1.0	30199	1
2018-05-14-3766	pfama1.003	52	0.3793106695841352	58645(82.9%)	2	0	0.8959870000000001	52712	2
2018-05-14-3766	pfama1.000	89	0.6206893304158648	58645(82.9%)	2	1	0.10401300000000001	5933	2
2018-05-14-3777	pfama1.011	30	0.441176692084791	57540(69%)	2	0	0.657514	35833	2
2018-05-14-3777	pfama1.006	38	0.558823307915209	57540(69%)	2	1	0.342486	21707	2
2018-05-15-3785	pfama1.033	7	0.07216512987588158	66853(90%)	2	0	0.588765	39416	2
2018-05-15-3785	pfama1.000	89	0.9278348701241185	66853(90%)	2	1	0.411235	27437	2
2018-05-15-3787	pfama1.003	52	1.0	78431(87.2%)	1	0	1.0	77959	2
2018-05-15-3805	pfama1.001	72	1.0	55297(84.3%)	1	0	1.0	55297	2
2018-05-15-3818	pfama1.009	35	1.0	71000(83.3%)	1	0	1.0	71000	2
2018-05-16-3095	pfama1.006	38	1.0	34536(89.5%)	1	0	1.0	34334	1
2018-05-16-3364	pfama1.017	20	1.0	53357(87.6%)	1	0	1.0	53357	2
2018-05-16-3505	pfama1.032	7	1.0	44852(64.3%)	1	0	1.0	44852	2
2018-05-16-3506	pfama1.008	36	1.0	35125(62.7%)	1	0	1.0	35125	2
2018-05-16-3510	pfama1.024	12	0.2926826560379259	34676(66.7%)	2	0	0.518562	18062	2
2018-05-16-3510	pfama1.014	29	0.707317343962074	34676(66.7%)	2	1	0.48143800000000003	16614	2
2018-05-21-3808	pfama1.000	89	0.5142853241140095	15377(71.6%)	4	0	0.45386881845247257	6982	2
2018-05-21-3808	pfama1.026	12	0.0685713765485346	15377(71.6%)	4	1	0.30272087891164845	4653	2
2018-05-21-3808	pfama1.007	37	0.2114288445487648	15377(71.6%)	4	2	0.175149929940028	2693	2
2018-05-21-3808	pfama1.008	36	0.20571445478869113	15377(71.6%)	4	3	0.06826037269585092	1049	2
2018-05-22-3527	pfama1.002	70	1.0	54202(88%)	1	0	1.0	54202	2
2018-05-23-3525	pfama1.011	30	1.0	29637(88.2%)	1	0	1.0	29160	1
2018-05-28-3393	pfama1.003	52	1.0	56740(98.3%)	1	0	1.0	56740	2
2018-05-28-3541	pfama1.008	36	1.0	52214(85.3%)	1	0	1.0	52214	2
2018-05-28-3546	pfama1.009	35	1.0	40256(86.1%)	1	0	1.0	39032	1
2018-05-28-3614	pfama1.002	70	1.0	58190(78%)	1	0	1.0	58190	2
2018-05-28-3616	pfama1.002	70	1.0	58359(88.2%)	1	0	1.0	58359	2
2018-05-29-3575	pfama1.000	89	1.0	19605(81.9%)	1	0	1.0	19605	2
2018-05-29-3577	pfama1.000	89	1.0	37268(87.1%)	1	0	1.0	35600	1
2018-05-29-3580	pfama1.006	38	1.0	34509(86%)	1	0	1.0	34169	1
2018-05-29-3602	pfama1.022	13	0.12621375313433775	78274(89.6%)	2	0	0.9905332028500012	76983	2
2018-05-29-3602	pfama1.000	89	0.8737862468656622	78274(89.6%)	2	1	0.009466797149998731	744	2
2018-05-30-3642	pfama1.002	70	1.0	62788(84.9%)	1	0	1.0	62788	2
2018-06-04-3122	pfama1.005	48	0.7903225954474496	37986(61%)	2	0	0.646188	25157	2
2018-06-04-3122	pfama1.023	13	0.20967740455255035	37986(61%)	2	1	0.353812	12829	2
2018-06-04-3190	pfama1.001	72	1.0	64741(87.2%)	1	0	1.0	64741	2
2018-06-04-3202	pfama1.045	3	1.0	212(92.2%)	1	0	1.0	212	1
2018-06-04-3205	pfama1.000	89	0.7964599096245704	43806(69.9%)	3	0	0.6085520000000001	26615	2
2018-06-04-3205	pfama1.025	12	0.10619465461660937	43806(69.9%)	3	1	0.20919400000000002	9248	2
2018-06-04-3205	pfama1.027	11	0.09734543575882026	43806(69.9%)	3	2	0.182254	7943	2
2018-06-04-3659	pfama1.016	22	0.43137243963856214	47841(77.4%)	2	0	0.636278	30581	2
2018-06-04-3659	pfama1.013	29	0.5686275603614378	47841(77.4%)	2	1	0.363722	17260	2
2018-06-05-3672	pfama1.003	52	1.0	57152(87.4%)	1	0	1.0	56759	2
2018-06-05-3685	pfama1.005	48	0.8448277891795803	61710(87.9%)	2	0	0.911189908881009	57265	2
2018-06-05-3685	pfama1.031	9	0.15517221082041965	61710(87.9%)	2	1	0.0888100911189909	4445	2
2018-06-06-3708	pfama1.005	48	1.0	50272(86.2%)	1	0	1.0	50272	2
2018-06-06-3713	pfama1.018	16	1.0	30339(84.4%)	1	0	1.0	29853	1
2018-06-06-3714	pfama1.008	36	1.0	45515(76.1%)	1	0	1.0	45515	2
2018-06-06-3728	pfama1.004	53	1.0	64182(83.9%)	1	0	1.0	63771	2
2018-06-07-3782	pfama1.014	29	0.1421568107891303	32978(89.6%)	5	0	0.7996760319870413	26363	2
2018-06-07-3782	pfama1.009	35	0.17156852627356955	32978(89.6%)	5	1	0.15303600612144022	5051	2
2018-06-07-3782	pfama1.002	70	0.343137610390161	32978(89.6%)	5	2	0.02496790099871604	842	2
2018-06-07-3782	pfama1.003	52	0.269607763836041	32978(89.6%)	5	3	0.013954700558188022	475	2
2018-06-07-3782	pfama1.019	15	0.07352928871109812	32978(89.6%)	5	4	0.008365360334614413	247	2
2018-06-11-3746	pfama1.002	70	1.0	59600(84.4%)	1	0	1.0	59600	2
2018-06-11-3747	pfama1.001	72	1.0	72649(92.3%)	1	0	1.0	72649	2
2018-06-11-3777	pfama1.011	30	1.0	48824(79.8%)	1	0	1.0	48824	2
2018-06-11-3782	pfama1.014	29	0.4531250555664219	54162(88.9%)	2	0	0.7530220000000001	39970	2
2018-06-11-3782	pfama1.009	35	0.5468749444335782	54162(88.9%)	2	1	0.24697800000000003	14192	2
2018-06-12-3787	pfama1.003	52	1.0	59639(87.8%)	1	0	1.0	59639	2
2018-06-12-3805	pfama1.001	72	1.0	59465(89.2%)	1	0	1.0	59465	2
2018-06-12-3816	pfama1.000	89	1.0	59953(82%)	1	0	1.0	59953	2
2018-06-13-3081	pfama1.001	72	1.0	3867(94%)	1	0	1.0	3867	2
2018-06-13-3315	pfama1.015	22	0.37288107805232296	41399(75.6%)	2	0	0.600366	25062	2
2018-06-13-3315	pfama1.007	37	0.627118921947677	41399(75.6%)	2	1	0.399634	16337	2
2018-06-13-3364	pfama1.017	20	1.0	63643(91.3%)	1	0	1.0	63643	2
2018-06-13-3467	pfama1.000	89	1.0	35(85.4%)	1	0	1.0	35	1
2018-06-13-3506	pfama1.008	36	1.0	30871(85.9%)	1	0	1.0	30096	1
2018-06-13-3510	pfama1.014	29	0.707317343962074	52255(78.8%)	2	0	0.738826	38428	2
2018-06-13-3510	pfama1.024	12	0.2926826560379259	52255(78.8%)	2	1	0.26117399999999996	13827	2
2018-06-18-3164	pfama1.014	29	0.24369772007654253	87144(94.1%)	2	0	0.56029	48506	2
2018-06-18-3164	pfama1.000	89	0.7563022799234574	87144(94.1%)	2	1	0.43971000000000005	38638	2
2018-06-19-3046	pfama1.003	52	1.0	41947(59.8%)	1	0	1.0	41947	2
2018-06-19-3285	pfama1.001	72	0.5070423663953902	81(100%)	2	0	0.82716	67	1
2018-06-19-3285	pfama1.002	70	0.49295763360460965	81(100%)	2	1	0.17284000000000002	14	1
2018-06-19-3393	pfama1.021	14	1.0	26352(86.8%)	1	0	1.0	26158	1
2018-06-19-3527	pfama1.002	70	1.0	34814(88.8%)	1	0	1.0	34814	1
2018-06-20-3555	pfama1.012	30	0.5084747233840643	66157(76.8%)	2	0	0.81959	54105	2
2018-06-20-3555	pfama1.013	29	0.4915252766159357	66157(76.8%)	2	1	0.18041000000000001	12052	2
2018-06-25-3541	pfama1.008	36	1.0	55588(84.6%)	1	0	1.0	55588	2
2018-06-25-3542	pfama1.026	12	0.2857138986394125	47252(67.2%)	2	0	0.725037	34515	2
2018-06-25-3542	pfama1.011	30	0.7142861013605876	47252(67.2%)	2	1	0.274963	12737	2
2018-06-25-3555	pfama1.012	30	1.0	62869(79.3%)	1	0	1.0	62302	2
2018-06-25-3570	pfama1.000	89	1.0	5385(98.6%)	1	0	1.0	5385	2
2018-06-25-3685	pfama1.005	48	1.0	37712(97.7%)	1	0	1.0	37712	2
2018-06-26-3575	pfama1.000	89	1.0	64316(85.2%)	1	0	1.0	63870	2
2018-06-26-3579	pfama1.029	9	1.0	70605(92.3%)	1	0	1.0	70605	2
2018-06-26-3604	pfama1.002	70	0.14675068540930927	11223(82.6%)	12	0	0.24716385170168895	2783	2
2018-06-26-3604	pfama1.000	89	0.18867894143827793	11223(82.6%)	12	1	0.19876488074107151	2236	2
2018-06-26-3604	pfama1.031	9	0.018867894143827793	11223(82.6%)	12	2	0.1564249061450563	1752	2
2018-06-26-3604	pfama1.014	29	0.06079662732157484	11223(82.6%)	12	3	0.13436091938344832	1514	2
2018-06-26-3604	pfama1.020	15	0.031446490239712986	11223(82.6%)	12	4	0.06754775947134431	753	2
2018-06-26-3604	pfama1.004	53	0.11111113099231021	11223(82.6%)	12	5	0.03784987729007363	419	2
2018-06-26-3604	pfama1.010	34	0.0712788702596089	11223(82.6%)	12	6	0.03550397869761278	395	2
2018-06-26-3604	pfama1.019	15	0.031446490239712986	11223(82.6%)	12	7	0.035262178842692685	389	2
2018-06-26-3604	pfama1.008	36	0.07547169586250577	11223(82.6%)	12	8	0.02700488379706972	302	2
2018-06-26-3604	pfama1.001	72	0.15094363029940075	11223(82.6%)	12	9	0.026395684162589497	300	2
2018-06-26-3604	pfama1.005	48	0.10272536049932189	11223(82.6%)	12	10	0.02133888719666768	240	2
2018-06-26-3604	pfama1.037	5	0.01048218329443676	11223(82.6%)	12	11	0.012382192570684455	140	2
2018-06-26-3614	pfama1.002	70	0.9459459875090809	71456(88.8%)	2	0	0.9174967247509825	65581	2
2018-06-26-3614	pfama1.039	4	0.054054012490919075	71456(88.8%)	2	1	0.08250327524901743	5875	2
2018-06-26-3616	pfama1.002	70	1.0	52768(87.6%)	1	0	1.0	52768	2
2018-06-26-3825	pfama1.000	89	1.0	24629(97.9%)	1	0	1.0	24629	2
2018-06-27-3629	pfama1.005	48	1.0	76219(88.1%)	1	0	1.0	75649	2
2018-06-27-3630	pfama1.007	37	1.0	47356(86.7%)	1	0	1.0	46442	1
2018-06-28-3642	pfama1.002	70	1.0	54700(84.9%)	1	0	1.0	54700	2
2018-06-30-3046	pfama1.021	14	1.0	55208(98.9%)	1	0	1.0	55208	2
2018-07-02-3122	pfama1.005	48	0.36567132807447605	65734(79.8%)	3	0	0.667879	44727	2
2018-07-02-3122	pfama1.001	72	0.5373138384491623	65734(79.8%)	3	1	0.17978	11389	2
2018-07-02-3122	pfama1.023	13	0.09701483347636167	65734(79.8%)	3	2	0.152341	9618	2
2018-07-02-3190	pfama1.001	72	1.0	59544(83.9%)	1	0	1.0	59544	2
2018-07-02-3202	pfama1.025	12	1.0	63737(89.5%)	1	0	1.0	63737	2
2018-07-02-3205	pfama1.027	11	0.10891122576254535	54622(83%)	2	0	0.888114	48701	2
2018-07-02-3205	pfama1.000	89	0.8910887742374547	54622(83%)	2	1	0.11188599999999999	5921	2
2018-07-02-3659	pfama1.013	29	1.0	80144(83.1%)	1	0	1.0	80144	2
2018-07-02-3825	pfama1.000	89	1.0	68375(84.3%)	1	0	1.0	68375	2
2018-07-03-3672	pfama1.003	52	1.0	73084(90.7%)	1	0	1.0	73084	2
2018-07-03-3685	pfama1.005	48	1.0	48921(81.1%)	1	0	1.0	48595	2
2018-07-04-3708	pfama1.005	48	1.0	68272(92.2%)	1	0	1.0	68272	2
2018-07-04-3713	pfama1.018	16	1.0	65938(87.7%)	1	0	1.0	65563	2
2018-07-04-3714	pfama1.004	53	0.5955056682615711	40741(73.6%)	2	0	0.594422	24250	2
2018-07-04-3714	pfama1.008	36	0.40449433173842886	40741(73.6%)	2	1	0.405578	16491	2
2018-07-05-3720	pfama1.000	89	0.5555547750342453	50054(84.5%)	2	0	0.879777	43731	2
2018-07-05-3720	pfama1.001	72	0.4444452249657546	50054(84.5%)	2	1	0.120223	6323	2
2018-07-09-3746	pfama1.012	30	0.29999982930017055	44076(70.7%)	2	0	0.7777310000000001	35854	2
2018-07-09-3746	pfama1.002	70	0.7000001706998296	44076(70.7%)	2	1	0.222269	8222	2
2018-07-09-3747	pfama1.001	72	1.0	48657(83.3%)	1	0	1.0	48657	2
2018-07-09-3777	pfama1.011	30	0.967741935483871	46582(90.2%)	2	0	0.8824609487917947	38395	1
2018-07-09-3777	pfama1.070	1	0.03225806451612903	46582(90.2%)	2	1	0.11753905120820528	5114	1
2018-07-10-3785	pfama1.033	7	1.0	47783(80.3%)	1	0	1.0	47783	2
2018-07-10-3787	pfama1.003	52	1.0	33470(89.5%)	1	0	1.0	32775	1
2018-07-10-3816	pfama1.000	89	1.0	55060(92.3%)	1	0	1.0	55060	2
2018-07-10-3818	pfama1.009	35	1.0	27583(87.1%)	1	0	1.0	26560	1
2018-07-11-3081	pfama1.001	72	1.0	34042(96.7%)	1	0	1.0	34042	2
2018-07-11-3093	pfama1.035	6	1.0	52465(85.9%)	1	0	1.0	52465	2
2018-07-11-3313	pfama1.030	9	1.0	38084(85.8%)	1	0	1.0	37531	1
2018-07-11-3364	pfama1.017	20	1.0	9996(95.4%)	1	0	1.0	9996	2
2018-07-11-3510	pfama1.024	12	0.2926826560379259	36329(64.1%)	2	0	0.5479430000000001	19948	2
2018-07-11-3510	pfama1.014	29	0.707317343962074	36329(64.1%)	2	1	0.452057	16381	2
2018-07-11-3805	pfama1.001	72	1.0	41231(88.9%)	1	0	1.0	39758	1
2018-07-11-3839	pfama1.001	72	1.0	53452(94.3%)	1	0	1.0	53452	2
2018-07-15-3149	pfama1.003	52	1.0	40339(99.1%)	1	0	1.0	40339	2
2018-07-16-3164	pfama1.014	29	0.24369772007654253	69322(91.7%)	2	0	0.766983	52955	2
2018-07-16-3164	pfama1.000	89	0.7563022799234574	69322(91.7%)	2	1	0.233017	16367	2
2018-07-17-3046	pfama1.021	14	1.0	39466(85.9%)	1	0	1.0	38692	1
2018-07-18-3523	pfama1.004	53	1.0	62180(87.1%)	1	0	1.0	62180	2
2018-07-19-3441	pfama1.007	37	0.2624114619988765	32417(73.6%)	3	0	0.420933	13615	2
2018-07-19-3441	pfama1.003	52	0.3900708304008988	32417(73.6%)	3	1	0.397469	12899	2
2018-07-19-3441	pfama1.005	48	0.3475177076002247	32417(73.6%)	3	2	0.181598	5903	2
2018-07-19-3527	pfama1.002	70	1.0	41386(90.1%)	1	0	1.0	40440	1
2018-07-23-3541	pfama1.008	36	1.0	33374(89.3%)	1	0	1.0	32899	1
2018-07-23-3542	pfama1.026	12	1.0	56307(86.9%)	1	0	1.0	56307	2
2018-07-24-3575	pfama1.000	89	1.0	61305(94%)	1	0	1.0	61305	2
2018-07-24-3579	pfama1.029	9	1.0	59101(87.5%)	1	0	1.0	59101	2
2018-07-24-3580	pfama1.006	38	1.0	65702(86.3%)	1	0	1.0	65702	2
2018-07-24-3616	pfama1.002	70	1.0	48711(82.9%)	1	0	1.0	48711	2
2018-07-25-3630	pfama1.062	1	1.0	112(91.8%)	1	0	1.0	112	1
2018-07-30-3122	pfama1.001	72	0.595041710948301	44129(76.7%)	2	0	0.760232	33590	2
2018-07-30-3122	pfama1.005	48	0.40495828905169895	44129(76.7%)	2	1	0.23976799999999998	10539	2
2018-07-30-3149	pfama1.066	1	0.01785715192920989	38074(90.4%)	2	0	0.523335575679172	19253	1
2018-07-30-3149	pfama1.003	52	0.9821428480707901	38074(90.4%)	2	1	0.476664424320828	17536	1
2018-07-30-3202	pfama1.025	12	1.0	53243(87.8%)	1	0	1.0	51789	1
2018-07-30-3205	pfama1.027	11	1.0	77732(86.8%)	1	0	1.0	77732	2
2018-07-30-3659	pfama1.013	29	0.45312505556642185	61804(82.9%)	3	0	0.7497177750846675	46230	2
2018-07-30-3659	pfama1.016	22	0.3437498888671563	61804(82.9%)	3	1	0.17572094728371584	11076	2
2018-07-30-3659	pfama1.023	13	0.20312505556642185	61804(82.9%)	3	2	0.07456127763161673	4498	2
2018-08-01-3713	pfama1.018	16	1.0	32543(87.2%)	1	0	1.0	31665	1
2018-08-01-3714	pfama1.008	36	0.40449433173842886	48612(83.6%)	2	0	0.6956	34491	2
2018-08-01-3714	pfama1.004	53	0.5955056682615711	48612(83.6%)	2	1	0.3044	14121	2
2018-08-01-3720	pfama1.000	89	0.5555547750342453	64992(95.5%)	2	0	0.9612789038721097	62476	2
2018-08-01-3720	pfama1.001	72	0.4444452249657546	64992(95.5%)	2	1	0.03872109612789039	2516	2
2018-08-01-3728	pfama1.004	53	1.0	58635(86.6%)	1	0	1.0	58218	2
2018-08-06-3746	pfama1.002	70	1.0	81200(88.6%)	1	0	1.0	80646	2
2018-08-06-3766	pfama1.003	52	0.3793106695841352	40212(69%)	2	0	0.511059	20632	2
2018-08-06-3766	pfama1.000	89	0.6206893304158648	40212(69%)	2	1	0.48894099999999996	19580	2
2018-08-07-3786	pfama1.004	53	0.4608696297542415	53885(83.5%)	3	0	0.864873546454446	45860	2
2018-08-07-3786	pfama1.005	48	0.42608691349717237	53885(83.5%)	3	1	0.08210223113234906	4434	2
2018-08-07-3786	pfama1.022	13	0.11304345674858617	53885(83.5%)	3	2	0.05302422241320501	2850	2
2018-08-07-3787	pfama1.003	52	1.0	50426(87.1%)	1	0	1.0	50426	2
2018-08-07-3805	pfama1.001	72	1.0	26156(87.5%)	1	0	1.0	24798	1
2018-08-07-3816	pfama1.000	89	1.0	62074(83.6%)	1	0	1.0	62074	2
2018-08-07-3818	pfama1.009	35	1.0	32711(88%)	1	0	1.0	31046	1
2018-08-08-3364	pfama1.017	20	1.0	54714(88.4%)	1	0	1.0	54407	2
2018-08-08-3510	pfama1.014	29	1.0	34182(48.8%)	1	0	1.0	34182	2
2018-08-14-3285	pfama1.036	6	0.03260861161989481	2153(94.8%)	4	0	0.7231160723116072	1541	2
2018-08-14-3285	pfama1.001	72	0.3913045763938861	2153(94.8%)	4	1	0.1576100157610016	459	2
2018-08-14-3285	pfama1.002	70	0.38043483302806314	2153(94.8%)	4	2	0.08462520846252085	116	2
2018-08-14-3285	pfama1.008	36	0.19565197895815598	2153(94.8%)	4	3	0.034648703464870347	37	2
2018-08-14-3523	pfama1.004	53	1.0	68831(84.3%)	1	0	1.0	68382	2
2018-08-14-3527	pfama1.002	70	1.0	72289(86%)	1	0	1.0	71798	2
2018-08-20-3429	pfama1.001	72	1.0	61428(91%)	1	0	1.0	61428	2
2018-08-20-3542	pfama1.026	12	1.0	37779(60.8%)	1	0	1.0	37511	2
2018-08-20-3547	pfama1.011	30	1.0	107(90.7%)	1	0	1.0	107	1
2018-08-20-3570	pfama1.000	89	1.0	62374(97.7%)	1	0	1.0	62374	2
2018-08-21-3575	pfama1.000	89	1.0	61090(86.9%)	1	0	1.0	61090	2
2018-08-21-3577	pfama1.000	89	1.0	39048(90.7%)	1	0	1.0	38791	1
2018-08-21-3614	pfama1.002	70	1.0	54754(87.1%)	1	0	1.0	54754	2
2018-08-22-3629	pfama1.005	48	1.0	59994(97.8%)	1	0	1.0	59994	2
2018-08-23-3081	pfama1.001	72	1.0	7(100%)	1	0	1.0	7	1
2018-08-27-3122	pfama1.005	48	0.40495828905169895	30139(59.7%)	2	0	0.785231	23107	2
2018-08-27-3122	pfama1.001	72	0.595041710948301	30139(59.7%)	2	1	0.21476900000000002	7032	2
2018-08-27-3202	pfama1.025	12	1.0	63455(86.9%)	1	0	1.0	63455	2
2018-08-27-3659	pfama1.013	29	0.6904761582199511	67453(89.6%)	2	0	0.742839	51640	2
2018-08-27-3659	pfama1.023	13	0.30952384178004894	67453(89.6%)	2	1	0.25716100000000003	15813	2
2018-08-28-3699	pfama1.044	3	1.0	16437(26.5%)	1	0	1.0	16437	2
2018-08-29-3713	pfama1.018	16	1.0	43985(87.9%)	1	0	1.0	43363	1
2018-08-29-3714	pfama1.008	36	1.0	41596(70.8%)	1	0	1.0	41596	2
2018-08-29-3720	pfama1.000	89	1.0	43682(66%)	1	0	1.0	43682	2
2018-08-29-3728	pfama1.004	53	1.0	68163(90.5%)	1	0	1.0	68163	2
ctrl-38x-7C1-10K	pfama1.011	30	0.13698634763870218	25492(97.5%)	7	0	0.6120122448048979	15769	2
ctrl-38x-7C1-10K	pfama1.004	53	0.24200918817997444	25492(97.5%)	7	1	0.08694453477781391	2167	2
ctrl-38x-7C1-10K	pfama1.020	15	0.06849304391068728	25492(97.5%)	7	2	0.08280803312321326	2060	2
ctrl-38x-7C1-10K	pfama1.007	37	0.16894985473613214	25492(97.5%)	7	3	0.07819823127929251	1962	2
ctrl-38x-7C1-10K	pfama1.016	22	0.10045655100811725	25492(97.5%)	7	4	0.0524936209974484	1317	2
ctrl-38x-7C1-10K	pfama1.003	52	0.2511415074289569	25492(97.5%)	7	5	0.0481230192492077	1229	2
ctrl-38x-7C1-10K	pfama1.034	7	0.03196350709742994	25492(97.5%)	7	6	0.03942031576812631	988	2
ctrl-38x-7C1-1K	pfama1.011	30	0.13698634763870218	8693(94.5%)	7	0	0.4463339553666045	4258	2
ctrl-38x-7C1-1K	pfama1.016	22	0.10045655100811723	8693(94.5%)	7	1	0.12946698705330129	809	2
ctrl-38x-7C1-1K	pfama1.020	15	0.06849304391068728	8693(94.5%)	7	2	0.1202629879737012	889	2
ctrl-38x-7C1-1K	pfama1.007	37	0.1689498547361321	8693(94.5%)	7	3	0.09648119035188096	800	2
ctrl-38x-7C1-1K	pfama1.004	53	0.2420091881799744	8693(94.5%)	7	4	0.08702809129719087	873	2
ctrl-38x-7C1-1K	pfama1.003	52	0.25114150742895686	8693(94.5%)	7	5	0.07601379239862076	651	2
ctrl-38x-7C1-1K	pfama1.034	7	0.03196350709742994	8693(94.5%)	7	6	0.044412995558700444	413	2
ctrl-38x-7C3-10k	pfama1.011	30	0.13698634763870218	21687(97.6%)	7	0	0.9035940180718803	19616	2
ctrl-38x-7C3-10k	pfama1.004	53	0.24200918817997444	21687(97.6%)	7	1	0.02268240045364801	490	2
ctrl-38x-7C3-10k	pfama1.007	37	0.16894985473613214	21687(97.6%)	7	2	0.021447500428950005	454	2
ctrl-38x-7C3-10k	pfama1.020	15	0.06849304391068728	21687(97.6%)	7	3	0.020537000410740008	443	2
ctrl-38x-7C3-10k	pfama1.003	52	0.2511415074289569	21687(97.6%)	7	4	0.011208100224162005	235	2
ctrl-38x-7C3-10k	pfama1.034	7	0.03196350709742994	21687(97.6%)	7	5	0.010849200216984003	239	2
ctrl-38x-7C3-10k	pfama1.016	22	0.10045655100811725	21687(97.6%)	7	6	0.009681780193635603	210	2
ctrl-38x-7C3-1k	pfama1.011	30	0.19108286487483633	2178(92.9%)	5	0	0.8972518205496358	1963	2
ctrl-38x-7C3-1k	pfama1.020	15	0.09554125122724591	2178(92.9%)	5	1	0.040515191896961615	82	2
ctrl-38x-7C3-1k	pfama1.004	53	0.3375796917035097	2178(92.9%)	5	2	0.03354629329074134	71	2
ctrl-38x-7C3-1k	pfama1.007	37	0.23566890292099926	2178(92.9%)	5	3	0.016217196756560647	37	2
ctrl-38x-7C3-1k	pfama1.016	22	0.14012728927340887	2178(92.9%)	5	4	0.012469497506100498	25	2
ctrl-38x-DS6-10k	pfama1.016	22	0.37288107805232296	26219(98.1%)	2	0	0.984268507865746	25807	2
ctrl-38x-DS6-10k	pfama1.007	37	0.627118921947677	26219(98.1%)	2	1	0.01573149213425393	412	2
ctrl-38x-DS6-1k	pfama1.016	22	0.37288107805232296	18364(95.9%)	2	0	0.9874258025148394	18144	2
ctrl-38x-DS6-1k	pfama1.007	37	0.627118921947677	18364(95.9%)	2	1	0.012574197485160503	220	2
ctrl-38x-QS5-10k	pfama1.020	15	0.11194012422033209	42531(88.6%)	5	0	0.49095380361847857	20769	2
ctrl-38x-QS5-10k	pfama1.004	53	0.3955224799565522	42531(88.6%)	5	1	0.2902868838852464	12458	2
ctrl-38x-QS5-10k	pfama1.016	22	0.16417899039876285	42531(88.6%)	5	2	0.1056169577532169	4482	2
ctrl-38x-QS5-10k	pfama1.007	37	0.27611953924592225	42531(88.6%)	5	3	0.05781827687268925	2461	2
ctrl-38x-QS5-10k	pfama1.034	7	0.05223886617843075	42531(88.6%)	5	4	0.05532407787036885	2361	2
ctrl-38x-QS5-1k	pfama1.020	15	0.11194012422033207	3288(97.6%)	5	0	0.41099291780141645	1519	2
ctrl-38x-QS5-1k	pfama1.004	53	0.39552247995655215	3288(97.6%)	5	1	0.31103693779261243	792	2
ctrl-38x-QS5-1k	pfama1.007	37	0.2761195392459222	3288(97.6%)	5	2	0.1276589744682051	384	2
ctrl-38x-QS5-1k	pfama1.016	22	0.16417899039876285	3288(97.6%)	5	3	0.08316988336602331	332	2
ctrl-38x-QS5-1k	pfama1.034	7	0.052238866178430744	3288(97.6%)	5	4	0.06714128657174268	261	2
ctrl-48x-7C1-10	pfama1.011	30	0.44776115600358385	52125(77.4%)	2	0	0.702671	36734	2
ctrl-48x-7C1-10	pfama1.007	37	0.5522388439964162	52125(77.4%)	2	1	0.297329	15391	2
ctrl-48x-7C3-10	pfama1.011	30	1.0	44023(92.4%)	1	0	1.0	44023	2
ctrl-48x-DS6-10	pfama1.016	22	1.0	28257(93.5%)	1	0	1.0	27454	1
ctrl-48x-QS5-10	pfama1.004	53	0.5463919823785962	69491(85.3%)	4	0	0.400685040068504	28417	2
ctrl-48x-QS5-10	pfama1.020	15	0.15463896359866142	69491(85.3%)	4	1	0.27661102766110274	19450	2
ctrl-48x-QS5-10	pfama1.016	22	0.22680400881070195	69491(85.3%)	4	2	0.2763120276312028	18554	2
ctrl-48x-QS5-10	pfama1.034	7	0.07216504521204052	69491(85.3%)	4	3	0.04639190463919047	3070	2
ctrl-56x-7C1-10	pfama1.011	30	1.0	55631(60.7%)	1	0	1.0	55631	2
ctrl-56x-7C3-100	pfama1.011	30	0.15789478412741764	34252(73.3%)	5	0	0.8357664447288283	27917	2
ctrl-56x-7C3-100	pfama1.007	37	0.19473693037117962	34252(73.3%)	5	1	0.07901875333813366	2582	2
ctrl-56x-7C3-100	pfama1.003	52	0.28947362116344316	34252(73.3%)	5	2	0.037304397825090686	1233	2
ctrl-56x-7C3-100	pfama1.004	53	0.2789474220110733	34252(73.3%)	5	3	0.03429847237142555	1147	2
ctrl-56x-7C3-100	pfama1.020	15	0.07894724232688627	34252(73.3%)	5	4	0.013611931736521903	461	2
ctrl-56x-DS6-10	pfama1.016	22	1.0	119027(86.6%)	1	0	1.0	119027	2
ctrl-56x-QS5-10	pfama1.020	15	0.11194012422033207	45188(64.6%)	5	0	0.4964887517556241	22950	2
ctrl-56x-QS5-10	pfama1.007	37	0.2761195392459222	45188(64.6%)	5	1	0.2144048927975536	9319	2
ctrl-56x-QS5-10	pfama1.004	53	0.39552247995655215	45188(64.6%)	5	2	0.14629292685353656	6722	2
ctrl-56x-QS5-10	pfama1.016	22	0.16417899039876285	45188(64.6%)	5	3	0.12184593907703047	5285	2
ctrl-56x-QS5-10	pfama1.034	7	0.052238866178430744	45188(64.6%)	5	4	0.02096748951625524	912	2
neg-neg-48x-NC	pfama1.004	53	0.5888891979753711	87(93.5%)	3	0	0.5301203430105984	44	1
neg-neg-48x-NC	pfama1.020	15	0.16666645592588333	87(93.5%)	3	1	0.2650606956016784	22	1
neg-neg-48x-NC	pfama1.016	22	0.2444443460987456	87(93.5%)	3	2	0.20481896138772335	17	1
neg-neg-56x-NC	pfama1.064	1	1.0	103(94.5%)	1	0	1.0	98	1
