s_Sample	h_popUID	h_SampCnt	h_SampFrac	s_ReadCntTotUsed	s_COI	c_clusterID	c_AveragedFrac	c_ReadCnt	c_RepCnt	R1_fracChiExcluded	R2_fracChiExcluded
2017-10-04-3079	pfama1.15	22	0.0526316	20497(95.8%)	1	0	1	20497	2	0	0.00144613
2017-10-04-3093	pfama1.37	5	0.0119617	26303(97%)	1	0	1	26303	2	0.0000992654	0.000430911
2017-10-04-3096	pfama1.28	8	0.0191388	70348(98.5%)	5	0	0.559877	39338	2	0.00252472	0.00479434
2017-10-04-3096	pfama1.06	33	0.0789474	70348(98.5%)	5	1	0.322074	22677	2	0.00252472	0.00479434
2017-10-04-3096	pfama1.30	7	0.0167464	70348(98.5%)	5	2	0.0518719	3637	2	0.00252472	0.00479434
2017-10-04-3096	pfama1.11	27	0.0645933	70348(98.5%)	5	3	0.0501153	3540	2	0.00252472	0.00479434
2017-10-04-3096	pfama1.18	18	0.0430622	70348(98.5%)	5	4	0.016062	1156	2	0.00252472	0.00479434
2017-10-04-3313	pfama1.04	35	0.0837321	24660(97.1%)	1	0	1	24660	2	0	0.000158529
2017-10-04-3315	pfama1.21	12	0.0287081	38560(85.5%)	3	0	0.638988	24907	2	0.104908	0.131646
2017-10-04-3315	pfama1.06	33	0.0789474	38560(85.5%)	3	1	0.245109	9389	2	0.104908	0.131646
2017-10-04-3315	pfama1.09	30	0.0717703	38560(85.5%)	3	2	0.115903	4264	2	0.104908	0.131646
2017-10-04-3364	pfama1.20	14	0.0334928	9285(99.1%)	1	0	1	9285	2	0.000896459	0
2017-10-04-3505	pfama1.00	73	0.174641	3375(85.9%)	3	0	0.920071	3101	2	0.0260388	0.0117592
2017-10-04-3505	pfama1.13	25	0.0598086	3375(85.9%)	3	1	0.0714629	245	2	0.0260388	0.0117592
2017-10-04-3505	pfama1.29	8	0.0191388	3375(85.9%)	3	2	0.00846635	29	2	0.0260388	0.0117592
2017-10-04-3510	pfama1.30	7	0.0167464	18380(50.4%)	2	0	0.991906	18215	2	0.175157	0.0119268
2017-10-04-3510	pfama1.61	1	0.00239234	18380(50.4%)	2	1	0.00809414	165	2	0.175157	0.0119268
2017-10-09-3001	pfama1.04	35	0.0837321	93973(91.4%)	1	0	1	93973	2	0.00337261	0.00209112
2017-10-09-3003	pfama1.00	73	0.174641	3962(83.6%)	5	0	0.927778	3677	2	0.0146489	0.0442881
2017-10-09-3003	pfama1.13	25	0.0598086	3962(83.6%)	5	1	0.0325223	128	2	0.0146489	0.0442881
2017-10-09-3003	pfama1.10	29	0.069378	3962(83.6%)	5	2	0.0209555	83	2	0.0146489	0.0442881
2017-10-09-3003	pfama1.47	2	0.00478469	3962(83.6%)	5	3	0.0121871	48	2	0.0146489	0.0442881
2017-10-09-3003	pfama1.65	1	0.00239234	3962(83.6%)	5	4	0.00655702	26	2	0.0146489	0.0442881
2017-10-09-3162	pfama1.00	73	0.174641	4085(23.9%)	1	0	1	4085	2	0.00240693	0.00173875
2017-10-09-3163	pfama1.03	47	0.11244	104278(95.7%)	3	0	0.594775	62044	2	0.0384609	0.0271219
2017-10-09-3163	pfama1.01	58	0.138756	104278(95.7%)	3	1	0.348542	36283	2	0.0384609	0.0271219
2017-10-09-3163	pfama1.18	18	0.0430622	104278(95.7%)	3	2	0.0566829	5951	2	0.0384609	0.0271219
2017-10-09-3164	pfama1.01	58	0.138756	52543(97.4%)	2	0	0.893145	46991	2	0.00241133	0.00127465
2017-10-09-3164	pfama1.16	22	0.0526316	52543(97.4%)	2	1	0.106855	5552	2	0.00241133	0.00127465
2017-10-10-3284	pfama1.15	22	0.0526316	40695(80.3%)	2	0	0.732995	29845	2	0.193771	0.174212
2017-10-10-3284	pfama1.06	33	0.0789474	40695(80.3%)	2	1	0.267005	10850	2	0.193771	0.174212
2017-10-10-3285	pfama1.06	33	0.0789474	70425(97.4%)	5	0	0.641858	45190	2	0.00937273	0.0139637
2017-10-10-3285	pfama1.02	48	0.114833	70425(97.4%)	5	1	0.259495	18284	2	0.00937273	0.0139637
2017-10-10-3285	pfama1.42	4	0.00956938	70425(97.4%)	5	2	0.0434604	3063	2	0.00937273	0.0139637
2017-10-10-3285	pfama1.14	23	0.0550239	70425(97.4%)	5	3	0.0276178	1947	2	0.00937273	0.0139637
2017-10-10-3285	pfama1.26	10	0.0239234	70425(97.4%)	5	4	0.0275684	1941	2	0.00937273	0.0139637
2017-10-10-3523	pfama1.05	34	0.0813397	56913(94.9%)	1	0	1	56913	2	0.000451655	0.000801667
2017-10-11-3038	pfama1.00	73	0.174641	5253(89.3%)	3	0	0.971209	5106	2	0.00652432	0.0202945
2017-10-11-3038	pfama1.13	25	0.0598086	5253(89.3%)	3	1	0.0188238	92	2	0.00652432	0.0202945
2017-10-11-3038	pfama1.29	8	0.0191388	5253(89.3%)	3	2	0.00996738	55	2	0.00652432	0.0202945
2017-10-11-3236	pfama1.16	22	0.0526316	71198(89.3%)	1	0	1	71198	2	0.00228305	0.0040847
2017-10-11-3336	pfama1.00	73	0.174641	3330(86.7%)	2	0	0.897242	3043	2	0.0163079	0.0160381
2017-10-11-3336	pfama1.13	25	0.0598086	3330(86.7%)	2	1	0.102758	287	2	0.0163079	0.0160381
2017-10-16-3540	pfama1.06	33	0.0789474	60049(98.3%)	1	0	1	60049	2	0.000186075	0.000450763
2017-10-16-3541	pfama1.14	23	0.0550239	42604(92.7%)	1	0	1	42604	2	0.00161016	0.00251952
2017-10-16-3542	pfama1.02	48	0.114833	48122(97.6%)	5	0	0.787052	38005	2	0.00435756	0.00638012
2017-10-16-3542	pfama1.06	33	0.0789474	48122(97.6%)	5	1	0.144384	6806	2	0.00435756	0.00638012
2017-10-16-3542	pfama1.19	15	0.0358852	48122(97.6%)	5	2	0.0506332	2396	2	0.00435756	0.00638012
2017-10-16-3542	pfama1.01	58	0.138756	48122(97.6%)	5	3	0.00966711	495	2	0.00435756	0.00638012
2017-10-16-3542	pfama1.17	20	0.0478469	48122(97.6%)	5	4	0.00826441	420	2	0.00435756	0.00638012
2017-10-16-3546	pfama1.12	25	0.0598086	45788(96.6%)	1	0	1	45788	2	0.000256358	0.000609297
2017-10-16-3547	pfama1.07	32	0.076555	29096(80.1%)	2	0	0.99316	28900	2	0.00998424	0.00757576
2017-10-16-3547	pfama1.48	2	0.00478469	29096(80.1%)	2	1	0.00683976	196	2	0.00998424	0.00757576
2017-10-16-3549	pfama1.12	25	0.0598086	46597(91.9%)	1	0	1	46597	2	0.00188409	0.000745033
2017-10-16-3557	pfama1.23	11	0.0263158	47837(95.5%)	1	0	1	47837	2	0	0.000841751
2017-10-17-3575	pfama1.00	73	0.174641	2765(13.9%)	1	0	1	2765	2	0.00411783	0.0259281
2017-10-17-3577	pfama1.01	58	0.138756	43766(94.3%)	1	0	1	43766	2	0.000960081	0.000826074
2017-10-17-3578	pfama1.11	27	0.0645933	36874(77.2%)	9	0	0.331116	11880	2	0.200878	0.190518
2017-10-17-3578	pfama1.44	3	0.00717703	36874(77.2%)	9	1	0.218015	8027	2	0.200878	0.190518
2017-10-17-3578	pfama1.16	22	0.0526316	36874(77.2%)	9	2	0.17337	6774	2	0.200878	0.190518
2017-10-17-3578	pfama1.08	31	0.0741627	36874(77.2%)	9	3	0.0638324	2140	2	0.200878	0.190518
2017-10-17-3578	pfama1.39	5	0.0119617	36874(77.2%)	9	4	0.0635788	2424	2	0.200878	0.190518
2017-10-17-3578	pfama1.33	7	0.0167464	36874(77.2%)	9	5	0.061321	2198	2	0.200878	0.190518
2017-10-17-3578	pfama1.07	32	0.076555	36874(77.2%)	9	6	0.0537021	1971	2	0.200878	0.190518
2017-10-17-3578	pfama1.15	22	0.0526316	36874(77.2%)	9	7	0.0248455	1053	2	0.200878	0.190518
2017-10-17-3578	pfama1.25	10	0.0239234	36874(77.2%)	9	8	0.0102185	407	2	0.200878	0.190518
2017-10-17-3579	pfama1.36	5	0.0119617	78810(89.6%)	1	0	1	78810	2	0.00210665	0.00346256
2017-10-17-3580	pfama1.06	33	0.0789474	54399(94.3%)	2	0	0.986632	53648	2	0.011366	0.00681959
2017-10-17-3580	pfama1.07	32	0.076555	54399(94.3%)	2	1	0.0133682	751	2	0.011366	0.00681959
2017-10-17-3595	pfama1.00	73	0.174641	3994(21%)	1	0	1	3994	2	0.0184786	0.0180412
2017-10-17-3602	pfama1.22	12	0.0287081	57641(97.4%)	5	0	0.821588	46725	2	0.000748316	0.0176704
2017-10-17-3602	pfama1.08	31	0.0741627	57641(97.4%)	5	1	0.107773	6885	2	0.000748316	0.0176704
2017-10-17-3602	pfama1.26	10	0.0239234	57641(97.4%)	5	2	0.0305273	1844	2	0.000748316	0.0176704
2017-10-17-3602	pfama1.01	58	0.138756	57641(97.4%)	5	3	0.0268202	1522	2	0.000748316	0.0176704
2017-10-17-3602	pfama1.07	32	0.076555	57641(97.4%)	5	4	0.0132912	665	2	0.000748316	0.0176704
2017-10-17-3604	pfama1.17	20	0.0478469	41595(67.5%)	4	0	0.338082	23487	2	0	0.0652163
2017-10-17-3604	pfama1.07	32	0.076555	41595(67.5%)	4	1	0.320752	9359	2	0	0.0652163
2017-10-17-3604	pfama1.22	12	0.0287081	41595(67.5%)	4	2	0.235046	6849	2	0	0.0652163
2017-10-17-3604	pfama1.12	25	0.0598086	41595(67.5%)	4	3	0.10612	1900	2	0	0.0652163
2017-10-17-3612	pfama1.11	27	0.0645933	145533(95.7%)	4	0	0.943126	137199	2	0.0312191	0.0371853
2017-10-17-3612	pfama1.03	47	0.11244	145533(95.7%)	4	1	0.0263348	3880	2	0.0312191	0.0371853
2017-10-17-3612	pfama1.01	58	0.138756	145533(95.7%)	4	2	0.0240167	3510	2	0.0312191	0.0371853
2017-10-17-3612	pfama1.08	31	0.0741627	145533(95.7%)	4	3	0.00652221	944	2	0.0312191	0.0371853
2017-10-17-3614	pfama1.03	47	0.11244	39568(86.3%)	2	0	0.959052	37971	2	0.0892766	0.0473594
2017-10-17-3614	pfama1.44	3	0.00717703	39568(86.3%)	2	1	0.0409484	1597	2	0.0892766	0.0473594
2017-10-17-3615	pfama1.08	31	0.0741627	52108(96%)	1	0	1	52108	2	0.000906379	0.000395769
2017-10-17-3616	pfama1.03	47	0.11244	45902(95.5%)	1	0	1	45902	2	0	0.000401247
2017-10-17-3617	pfama1.07	32	0.076555	59281(95.4%)	1	0	1	59281	2	0.000787495	0.000163239
2017-10-18-3630	pfama1.09	30	0.0717703	54683(96.3%)	1	0	1	54683	2	0.000496355	0.000529187
2017-10-18-3637	pfama1.00	73	0.174641	5377(85.9%)	3	0	0.964088	5184	2	0.0255118	0.0197923
2017-10-18-3637	pfama1.10	29	0.069378	5377(85.9%)	3	1	0.0277329	149	2	0.0255118	0.0197923
2017-10-18-3637	pfama1.60	1	0.00239234	5377(85.9%)	3	2	0.00817912	44	2	0.0255118	0.0197923
2017-10-18-3642	pfama1.03	47	0.11244	70077(92.2%)	1	0	1	70077	3	0.00066422	0.00228808
2017-10-18-3644	pfama1.00	73	0.174641	5272(88.9%)	2	0	0.958235	5063	2	0.0322944	0.0143951
2017-10-18-3644	pfama1.10	29	0.069378	5272(88.9%)	2	1	0.0417647	209	2	0.0322944	0.0143951
2017-10-23-3122	pfama1.02	48	0.114833	26834(84%)	1	0	1	26834	2	0.0146838	0.000945925
2017-10-23-3148	pfama1.00	73	0.174641	1562(82.8%)	3	0	0.885592	1384	2	0.0504854	0.00879765
2017-10-23-3148	pfama1.10	29	0.069378	1562(82.8%)	3	1	0.0998145	155	2	0.0504854	0.00879765
2017-10-23-3148	pfama1.29	8	0.0191388	1562(82.8%)	3	2	0.014593	23	2	0.0504854	0.00879765
2017-10-23-3154	pfama1.01	58	0.138756	124202(98.4%)	1	0	1	124202	2	0.000172436	0.000247009
2017-10-23-3190	pfama1.02	48	0.114833	44044(93.1%)	1	0	1	44044	2	0.00114014	0.00152323
2017-10-23-3202	pfama1.31	7	0.0167464	35452(81.4%)	3	0	0.569974	20326	2	0.166566	0.141903
2017-10-23-3202	pfama1.32	7	0.0167464	35452(81.4%)	3	1	0.311173	10991	2	0.166566	0.141903
2017-10-23-3202	pfama1.28	8	0.0191388	35452(81.4%)	3	2	0.118853	4135	2	0.166566	0.141903
2017-10-23-3205	pfama1.32	7	0.0167464	54241(92.2%)	2	0	0.76691	41507	2	0.0405616	0.0502765
2017-10-23-3205	pfama1.31	7	0.0167464	54241(92.2%)	2	1	0.23309	12734	2	0.0405616	0.0502765
2017-10-23-3649	pfama1.00	73	0.174641	1925(90.4%)	3	0	0.644308	1331	2	0.0229435	0.0497076
2017-10-23-3649	pfama1.01	58	0.138756	1925(90.4%)	3	1	0.278536	379	2	0.0229435	0.0497076
2017-10-23-3649	pfama1.10	29	0.069378	1925(90.4%)	3	2	0.0771558	215	2	0.0229435	0.0497076
2017-10-23-3659	pfama1.19	15	0.0358852	63186(75.6%)	2	0	0.533486	34065	2	0.211265	0.116456
2017-10-23-3659	pfama1.15	22	0.0526316	63186(75.6%)	2	1	0.466514	29121	2	0.211265	0.116456
2017-10-23-3665	pfama1.03	47	0.11244	71530(94.1%)	1	0	1	71530	2	0.000839692	0.000863842
2017-10-24-3672	pfama1.27	9	0.0215311	11(100%)	1	0	1	11	1	0	
2017-10-24-3673	pfama1.12	25	0.0598086	34719(75.1%)	2	0	0.687151	23423	2	0.0997089	0.186583
2017-10-24-3673	pfama1.08	31	0.0741627	34719(75.1%)	2	1	0.312849	11296	2	0.0997089	0.186583
2017-10-24-3677	pfama1.03	47	0.11244	36289(85%)	3	0	0.621542	22556	2	0.117605	0.13363
2017-10-24-3677	pfama1.21	12	0.0287081	36289(85%)	3	1	0.254857	9248	2	0.117605	0.13363
2017-10-24-3677	pfama1.17	20	0.0478469	36289(85%)	3	2	0.123601	4485	2	0.117605	0.13363
2017-10-24-3680	pfama1.00	73	0.174641	3483(84.4%)	4	0	0.899493	3158	2	0.00276702	0.0275981
2017-10-24-3680	pfama1.10	29	0.069378	3483(84.4%)	4	1	0.0454506	152	2	0.00276702	0.0275981
2017-10-24-3680	pfama1.13	25	0.0598086	3483(84.4%)	4	2	0.0370527	116	2	0.00276702	0.0275981
2017-10-24-3680	pfama1.29	8	0.0191388	3483(84.4%)	4	3	0.0180036	57	2	0.00276702	0.0275981
2017-10-24-3684	pfama1.17	20	0.0478469	25034(87.9%)	1	0	1	25034	3	0.000635055	0.00861111
2017-10-24-3685	pfama1.33	7	0.0167464	2783(97%)	2	0	0.891682	2477	2	0	0.00166759
2017-10-24-3685	pfama1.34	7	0.0167464	2783(97%)	2	1	0.108318	306	2	0	0.00166759
2017-10-24-3698	pfama1.00	73	0.174641	2840(82.5%)	3	0	0.897829	2505	2	0.00870322	0.0244328
2017-10-24-3698	pfama1.13	25	0.0598086	2840(82.5%)	3	1	0.0942791	312	2	0.00870322	0.0244328
2017-10-24-3698	pfama1.29	8	0.0191388	2840(82.5%)	3	2	0.00789213	23	2	0.00870322	0.0244328
2017-10-25-3708	pfama1.08	31	0.0741627	125664(98.5%)	1	0	1	125664	2	0.0000376421	0.000281887
2017-10-25-3709	pfama1.18	18	0.0430622	20228(98.9%)	1	0	1	20228	2	0	0
2017-10-25-3712	pfama1.00	73	0.174641	5963(83.3%)	2	0	0.985061	5879	2	0.0199421	0.0158181
2017-10-25-3712	pfama1.10	29	0.069378	5963(83.3%)	2	1	0.0149391	84	2	0.0199421	0.0158181
2017-10-25-3713	pfama1.25	10	0.0239234	25547(94.6%)	1	0	1	25547	4	0	0
2017-10-25-3714	pfama1.05	34	0.0813397	30272(97.7%)	2	0	0.989937	29944	2	0	8.35213e-05
2017-10-25-3714	pfama1.14	23	0.0550239	30272(97.7%)	2	1	0.0100626	328	2	0	8.35213e-05
2017-10-25-3718	pfama1.11	27	0.0645933	92957(91.5%)	1	0	1	92957	2	0.00205671	0.0013173
2017-10-25-3719	pfama1.08	31	0.0741627	89400(98%)	2	0	0.859889	78014	2	0.00891549	0.00066003
2017-10-25-3719	pfama1.20	14	0.0334928	89400(98%)	2	1	0.140111	11386	2	0.00891549	0.00066003
2017-10-25-3720	pfama1.06	33	0.0789474	112558(97.9%)	3	0	0.459398	51633	2	0.00998785	0.00654429
2017-10-25-3720	pfama1.20	14	0.0334928	112558(97.9%)	3	1	0.457676	51555	2	0.00998785	0.00654429
2017-10-25-3720	pfama1.02	48	0.114833	112558(97.9%)	3	2	0.0829265	9370	2	0.00998785	0.00654429
2017-10-25-3728	pfama1.05	34	0.0813397	50888(89.8%)	1	0	1	50888	4	0.000286041	0.000316857
2017-10-30-3746	pfama1.11	27	0.0645933	70061(89.5%)	2	0	0.826263	57874	2	0.0726364	0.0574845
2017-10-30-3746	pfama1.03	47	0.11244	70061(89.5%)	2	1	0.173737	12187	2	0.0726364	0.0574845
2017-10-30-3747	pfama1.02	48	0.114833	51637(90.7%)	1	0	1	51637	2	0.00321403	0.00232941
2017-10-30-3761	pfama1.07	32	0.076555	193520(98.7%)	1	0	1	193520	2	0.0000224904	0.000186675
2017-10-30-3762	pfama1.00	73	0.174641	5929(23.5%)	1	0	1	5929	3	0	0.00971083
2017-10-30-3766	pfama1.04	35	0.0837321	39267(94.7%)	1	0	1	39267	2	0.000573841	0.000409956
2017-10-30-3772	pfama1.00	73	0.174641	2114(78.8%)	2	0	0.952396	1977	2	0.0253853	0.0272537
2017-10-30-3772	pfama1.13	25	0.0598086	2114(78.8%)	2	1	0.0476041	137	2	0.0253853	0.0272537
2017-10-30-3773	pfama1.04	35	0.0837321	146577(81.6%)	2	0	0.723248	106328	2	0.154092	0.189974
2017-10-30-3773	pfama1.09	30	0.0717703	146577(81.6%)	2	1	0.276752	40249	2	0.154092	0.189974
2017-10-30-3777	pfama1.07	32	0.076555	39202(85%)	1	0	1	39202	2	0.0578754	0.00254658
2017-10-30-3779	pfama1.00	73	0.174641	672(71.1%)	2	0	0.951004	637	2	0.0317221	0.024735
2017-10-30-3779	pfama1.10	29	0.069378	672(71.1%)	2	1	0.048996	35	2	0.0317221	0.024735
2017-10-31-3785	pfama1.41	4	0.00956938	79617(89.7%)	1	0	1	79617	2	0.0134231	0.000317496
2017-10-31-3786	pfama1.04	35	0.0837321	29499(98.3%)	5	0	0.683628	20173	2	0.0048943	0.00294233
2017-10-31-3786	pfama1.02	48	0.114833	29499(98.3%)	5	1	0.169673	4991	2	0.0048943	0.00294233
2017-10-31-3786	pfama1.09	30	0.0717703	29499(98.3%)	5	2	0.0785999	2317	2	0.0048943	0.00294233
2017-10-31-3786	pfama1.05	34	0.0813397	29499(98.3%)	5	3	0.043571	1295	2	0.0048943	0.00294233
2017-10-31-3786	pfama1.08	31	0.0741627	29499(98.3%)	5	4	0.0245278	723	2	0.0048943	0.00294233
2017-10-31-3787	pfama1.04	35	0.0837321	75793(89.4%)	1	0	1	75793	2	0.00413503	0.0032664
2017-10-31-3805	pfama1.02	48	0.114833	37908(96.7%)	1	0	1	37908	2	0.000109385	0.00062192
2017-10-31-3816	pfama1.01	58	0.138756	13107(98%)	1	0	1	13107	2	0	0.000353315
2017-10-31-3818	pfama1.12	25	0.0598086	45023(98.6%)	1	0	1	45023	2	0.000494315	0.000168148
2017-11-01-3079	pfama1.15	22	0.0526316	59418(96.3%)	1	0	1	59418	2	0.000347651	0.000279111
2017-11-01-3093	pfama1.37	5	0.0119617	29504(83%)	1	0	1	29504	2	0.0077259	0.00484191
2017-11-01-3096	pfama1.06	33	0.0789474	9071(98.8%)	5	0	0.508323	4611	1	0	
2017-11-01-3096	pfama1.28	8	0.0191388	9071(98.8%)	5	1	0.413516	3751	1	0	
2017-11-01-3096	pfama1.18	18	0.0430622	9071(98.8%)	5	2	0.0309778	281	1	0	
2017-11-01-3096	pfama1.11	27	0.0645933	9071(98.8%)	5	3	0.029214	265	1	0	
2017-11-01-3096	pfama1.16	22	0.0526316	9071(98.8%)	5	4	0.0179694	163	1	0	
2017-11-01-3364	pfama1.20	14	0.0334928	73377(93.5%)	1	0	1	73377	2	0.00194038	0.000593334
2017-11-01-3505	pfama1.43	3	0.00717703	5785(79%)	1	0	1	5785	4	0	0
2017-11-01-3510	pfama1.30	7	0.0167464	33958(88.7%)	1	0	1	33958	2	0.000345453	0.0181157
2017-11-01-3773	pfama1.09	30	0.0717703	128874(80.3%)	2	0	0.504873	65081	2	0.169131	0.204158
2017-11-01-3773	pfama1.04	35	0.0837321	128874(80.3%)	2	1	0.495127	63793	2	0.169131	0.204158
2017-11-06-3055	pfama1.00	73	0.174641	1078(80%)	3	0	0.843762	907	2	0.0191257	0.0803213
2017-11-06-3055	pfama1.13	25	0.0598086	1078(80%)	3	1	0.120155	124	2	0.0191257	0.0803213
2017-11-06-3055	pfama1.10	29	0.069378	1078(80%)	3	2	0.036083	47	2	0.0191257	0.0803213
2017-11-06-3162	pfama1.49	1	0.00239234	15159(82.3%)	1	0	1	15159	2	0.00644468	0.00275235
2017-11-06-3163	pfama1.03	47	0.11244	77420(98.4%)	1	0	1	77420	2	0	0.00250375
2017-11-06-3164	pfama1.16	22	0.0526316	83328(99.4%)	2	0	0.950934	78987	2	0	0.000901771
2017-11-06-3164	pfama1.01	58	0.138756	83328(99.4%)	2	1	0.0490664	4341	2	0	0.000901771
2017-11-06-3514	pfama1.00	73	0.174641	3362(81.2%)	3	0	0.932432	3144	2	0.0244073	0.0121906
2017-11-06-3514	pfama1.13	25	0.0598086	3362(81.2%)	3	1	0.0344911	105	2	0.0244073	0.0121906
2017-11-06-3514	pfama1.10	29	0.069378	3362(81.2%)	3	2	0.0330772	113	2	0.0244073	0.0121906
2017-11-07-3047	pfama1.00	73	0.174641	229(85.1%)	2	0	0.876739	198	2	0	0.0920245
2017-11-07-3047	pfama1.10	29	0.069378	229(85.1%)	2	1	0.123261	31	2	0	0.0920245
2017-11-07-3284	pfama1.06	33	0.0789474	35395(97%)	2	0	0.932459	32325	2	0.00615359	0.000743433
2017-11-07-3284	pfama1.26	10	0.0239234	35395(97%)	2	1	0.0675413	3070	2	0.00615359	0.000743433
2017-11-07-3285	pfama1.14	23	0.0550239	29(96.7%)	2	0	0.62069	18	1	0	
2017-11-07-3285	pfama1.06	33	0.0789474	29(96.7%)	2	1	0.37931	11	1	0	
2017-11-07-3523	pfama1.05	34	0.0813397	30393(97.3%)	1	0	1	30393	2	0.000290456	0.000420639
2017-11-07-3527	pfama1.03	47	0.11244	657(53.5%)	1	0	1	657	4	0	0
2017-11-08-3336	pfama1.08	31	0.0741627	18928(85.1%)	1	0	1	18928	4	0	0
2017-11-08-3529	pfama1.20	14	0.0334928	356(40.3%)	1	0	1	356	4	0	0
2017-11-13-3541	pfama1.14	23	0.0550239	67021(93.7%)	1	0	1	67021	2	0.00104952	0.000902632
2017-11-13-3542	pfama1.01	58	0.138756	94(83.2%)	2	0	0.580483	54	2	0	0
2017-11-13-3542	pfama1.27	9	0.0215311	94(83.2%)	2	1	0.419517	40	2	0	0
2017-11-13-3547	pfama1.07	32	0.076555	31604(95%)	1	0	1	31604	2	0.000622844	0.000161447
2017-11-13-3557	pfama1.23	11	0.0263158	119520(99.5%)	1	0	1	119520	2	0.0000459102	0
2017-11-13-3602	pfama1.01	58	0.138756	5059(96.2%)	7	0	0.348224	1746	2	0.00501367	0.000652955
2017-11-13-3602	pfama1.22	12	0.0287081	5059(96.2%)	7	1	0.316138	1592	2	0.00501367	0.000652955
2017-11-13-3602	pfama1.23	11	0.0263158	5059(96.2%)	7	2	0.130117	652	2	0.00501367	0.000652955
2017-11-13-3602	pfama1.07	32	0.076555	5059(96.2%)	7	3	0.129969	681	2	0.00501367	0.000652955
2017-11-13-3602	pfama1.26	10	0.0239234	5059(96.2%)	7	4	0.0331759	173	2	0.00501367	0.000652955
2017-11-13-3602	pfama1.03	47	0.11244	5059(96.2%)	7	5	0.0222188	112	2	0.00501367	0.000652955
2017-11-13-3602	pfama1.08	31	0.0741627	5059(96.2%)	7	6	0.0201568	103	2	0.00501367	0.000652955
2017-11-13-3604	pfama1.16	22	0.0526316	4367(52.8%)	3	0	0.512935	1865	2	0.0714286	0.047179
2017-11-13-3604	pfama1.12	25	0.0598086	4367(52.8%)	3	1	0.340619	1806	2	0.0714286	0.047179
2017-11-13-3604	pfama1.02	48	0.114833	4367(52.8%)	3	2	0.146445	696	2	0.0714286	0.047179
2017-11-13-3719	pfama1.20	14	0.0334928	44570(99.2%)	2	0	0.957354	42429	2	0	0.000405834
2017-11-13-3719	pfama1.08	31	0.0741627	44570(99.2%)	2	1	0.0426464	2141	2	0	0.000405834
2017-11-14-3575	pfama1.00	73	0.174641	2270(82.5%)	2	0	0.876397	1958	2	0.0181208	0.00714286
2017-11-14-3575	pfama1.13	25	0.0598086	2270(82.5%)	2	1	0.123603	312	2	0.0181208	0.00714286
2017-11-14-3578	pfama1.23	11	0.0263158	4085(95%)	8	0	0.333051	1353	2	0.0132231	0.0197018
2017-11-14-3578	pfama1.15	22	0.0526316	4085(95%)	8	1	0.207312	860	2	0.0132231	0.0197018
2017-11-14-3578	pfama1.11	27	0.0645933	4085(95%)	8	2	0.194195	792	2	0.0132231	0.0197018
2017-11-14-3578	pfama1.39	5	0.0119617	4085(95%)	8	3	0.111234	447	2	0.0132231	0.0197018
2017-11-14-3578	pfama1.25	10	0.0239234	4085(95%)	8	4	0.0734769	299	2	0.0132231	0.0197018
2017-11-14-3578	pfama1.16	22	0.0526316	4085(95%)	8	5	0.0496077	205	2	0.0132231	0.0197018
2017-11-14-3578	pfama1.14	23	0.0550239	4085(95%)	8	6	0.0198343	81	2	0.0132231	0.0197018
2017-11-14-3578	pfama1.07	32	0.076555	4085(95%)	8	7	0.01129	48	2	0.0132231	0.0197018
2017-11-14-3579	pfama1.36	5	0.0119617	9483(97.6%)	1	0	1	9483	2	0	0
2017-11-14-3580	pfama1.07	32	0.076555	68427(90.9%)	1	0	1	68427	2	0.00195232	0.00236765
2017-11-14-3612	pfama1.11	27	0.0645933	35011(68.2%)	2	0	0.540346	18928	2	0.212418	0.056542
2017-11-14-3612	pfama1.01	58	0.138756	35011(68.2%)	2	1	0.459654	16083	2	0.212418	0.056542
2017-11-14-3614	pfama1.03	47	0.11244	1274(93.4%)	1	0	1	1274	2	0	0
2017-11-14-3615	pfama1.08	31	0.0741627	1622(94.9%)	1	0	1	1622	2	0	0
2017-11-14-3616	pfama1.03	47	0.11244	20768(99.2%)	1	0	1	20768	2	0	0
2017-11-14-3617	pfama1.07	32	0.076555	4651(97.1%)	1	0	1	4651	2	0.00194175	0.000616713
2017-11-15-3627	pfama1.06	33	0.0789474	49857(93%)	1	0	1	49857	2	0.00344842	0.000657073
2017-11-15-3630	pfama1.09	30	0.0717703	15791(99.1%)	1	0	1	15791	2	0	0.000167729
2017-11-15-3637	pfama1.00	73	0.174641	13967(88.8%)	2	0	0.98736	13786	2	0.0216467	0.0258594
2017-11-15-3637	pfama1.10	29	0.069378	13967(88.8%)	2	1	0.0126404	181	2	0.0216467	0.0258594
2017-11-15-3642	pfama1.03	47	0.11244	20008(95.1%)	1	0	1	20008	2	0.00018843	0.00105435
2017-11-17-3779	pfama1.11	27	0.0645933	202021(98.9%)	1	0	1	202021	2	0.0000468683	8.20647e-05
2017-11-20-3148	pfama1.00	73	0.174641	2632(84.7%)	2	0	0.896168	2366	2	0.0258621	0.0291545
2017-11-20-3148	pfama1.10	29	0.069378	2632(84.7%)	2	1	0.103832	266	2	0.0258621	0.0291545
2017-11-20-3150	pfama1.00	73	0.174641	6799(88%)	2	0	0.961543	6565	2	0.0542481	0.0295189
2017-11-20-3150	pfama1.10	29	0.069378	6799(88%)	2	1	0.0384568	234	2	0.0542481	0.0295189
2017-11-20-3154	pfama1.01	58	0.138756	98782(98.1%)	1	0	1	98782	2	0.000120447	0.000140815
2017-11-20-3190	pfama1.02	48	0.114833	43567(97.5%)	1	0	1	43567	2	0.000163934	0.000341064
2017-11-20-3202	pfama1.32	7	0.0167464	510(92.1%)	2	0	0.771226	394	2	0	0
2017-11-20-3202	pfama1.31	7	0.0167464	510(92.1%)	2	1	0.228774	116	2	0	0
2017-11-20-3205	pfama1.32	7	0.0167464	15694(66.5%)	2	0	0.767303	12005	2	0.0655652	0.00338369
2017-11-20-3205	pfama1.01	58	0.138756	15694(66.5%)	2	1	0.232697	3689	2	0.0655652	0.00338369
2017-11-20-3371	pfama1.00	73	0.174641	1797(80.7%)	2	0	0.926246	1652	2	0.026178	0.0326679
2017-11-20-3371	pfama1.10	29	0.069378	1797(80.7%)	2	1	0.0737536	145	2	0.026178	0.0326679
2017-11-20-3649	pfama1.01	58	0.138756	32265(69.1%)	1	0	1	32265	2	0.0024226	0.146172
2017-11-20-3659	pfama1.19	15	0.0358852	8381(98.7%)	1	0	1	8381	2	0	0
2017-11-20-3665	pfama1.03	47	0.11244	122209(98.4%)	1	0	1	122209	2	0.00016021	3.23536e-05
2017-11-21-3672	pfama1.27	9	0.0215311	39275(96.6%)	2	0	0.957783	37617	2	0.000917231	0.00112638
2017-11-21-3672	pfama1.04	35	0.0837321	39275(96.6%)	2	1	0.0422173	1658	2	0.000917231	0.00112638
2017-11-21-3673	pfama1.08	31	0.0741627	48370(94.3%)	1	0	1	48370	2	0.000216884	0.000577929
2017-11-21-3677	pfama1.17	20	0.0478469	163(90.6%)	3	0	0.551149	89	2	0	0
2017-11-21-3677	pfama1.12	25	0.0598086	163(90.6%)	3	1	0.322742	54	2	0	0
2017-11-21-3677	pfama1.21	12	0.0287081	163(90.6%)	3	2	0.126108	20	2	0	0
2017-11-21-3684	pfama1.00	73	0.174641	3560(81.1%)	2	0	0.961189	3486	2	0.0228571	0.0264112
2017-11-21-3684	pfama1.10	29	0.069378	3560(81.1%)	2	1	0.0388111	74	2	0.0228571	0.0264112
2017-11-21-3685	pfama1.34	7	0.0167464	26144(88.6%)	2	0	0.771174	20986	2	0.00252366	0.0968773
2017-11-21-3685	pfama1.33	7	0.0167464	26144(88.6%)	2	1	0.228826	5158	2	0.00252366	0.0968773
2017-11-22-3708	pfama1.08	31	0.0741627	152863(98.7%)	1	0	1	152863	2	0.0000298878	5.68569e-05
2017-11-22-3709	pfama1.18	18	0.0430622	70310(95.7%)	1	0	1	70310	2	0.00051983	0.000220604
2017-11-22-3713	pfama1.25	10	0.0239234	59693(95.7%)	1	0	1	59693	2	0.0000773664	0.00112203
2017-11-22-3714	pfama1.14	23	0.0550239	10435(97.2%)	2	0	0.835502	8958	2	0	0.000397088
2017-11-22-3714	pfama1.05	34	0.0813397	10435(97.2%)	2	1	0.164498	1477	2	0	0.000397088
2017-11-22-3719	pfama1.20	14	0.0334928	21297(93.2%)	1	0	1	21297	2	0.00178527	0
2017-11-22-3720	pfama1.02	48	0.114833	41797(91.7%)	2	0	0.663337	28706	2	0.00358235	0.0418888
2017-11-22-3720	pfama1.20	14	0.0334928	41797(91.7%)	2	1	0.336663	13091	2	0.00358235	0.0418888
2017-11-22-3728	pfama1.05	34	0.0813397	48473(92.9%)	1	0	1	48473	2	0.00217486	0.00156111
2017-11-27-3745	pfama1.00	73	0.174641	9415(90%)	3	0	0.97628	9198	2	0.0123379	0.0151435
2017-11-27-3745	pfama1.10	29	0.069378	9415(90%)	3	1	0.0123615	112	2	0.0123379	0.0151435
2017-11-27-3745	pfama1.13	25	0.0598086	9415(90%)	3	2	0.0113588	105	2	0.0123379	0.0151435
2017-11-27-3746	pfama1.03	47	0.11244	28584(95.2%)	2	0	0.711348	20407	2	0.0213363	0.0207291
2017-11-27-3746	pfama1.11	27	0.0645933	28584(95.2%)	2	1	0.288652	8177	2	0.0213363	0.0207291
2017-11-27-3747	pfama1.02	48	0.114833	8601(97.7%)	1	0	1	8601	2	0	0.000290529
2017-11-27-3761	pfama1.07	32	0.076555	7549(98.5%)	1	0	1	7549	2	0	0
2017-11-27-3762	pfama1.00	73	0.174641	2352(17.1%)	1	0	1	2352	2	0.00531087	0.0282042
2017-11-27-3766	pfama1.01	58	0.138756	46888(87.6%)	2	0	0.542734	24865	2	0.0941171	0.10352
2017-11-27-3766	pfama1.04	35	0.0837321	46888(87.6%)	2	1	0.457266	22023	2	0.0941171	0.10352
2017-11-27-3773	pfama1.18	18	0.0430622	42738(91.7%)	1	0	1	42738	2	0.00449288	0.000272766
2017-11-27-3777	pfama1.07	32	0.076555	36187(79%)	3	0	0.472913	16799	2	0.178289	0.108816
2017-11-27-3777	pfama1.42	4	0.00956938	36187(79%)	3	1	0.385749	13428	2	0.178289	0.108816
2017-11-27-3777	pfama1.15	22	0.0526316	36187(79%)	3	2	0.141338	5960	2	0.178289	0.108816
2017-11-27-3779	pfama1.00	73	0.174641	62(0.0625%)	1	0	1	62	4	0.00243701	0
2017-11-28-3785	pfama1.41	4	0.00956938	49365(59%)	1	0	1	49365	2	0.0248787	0.00252871
2017-11-28-3786	pfama1.08	31	0.0741627	20825(87.9%)	3	0	0.53407	11299	2	0.0117308	0.0353185
2017-11-28-3786	pfama1.11	27	0.0645933	20825(87.9%)	3	1	0.426926	8761	2	0.0117308	0.0353185
2017-11-28-3786	pfama1.04	35	0.0837321	20825(87.9%)	3	2	0.0390041	765	2	0.0117308	0.0353185
2017-11-28-3787	pfama1.04	35	0.0837321	99119(94.4%)	1	0	1	99119	2	0.000248671	0.00120791
2017-11-28-3805	pfama1.02	48	0.114833	1411(97.6%)	1	0	1	1411	2	0	0
2017-11-28-3816	pfama1.01	58	0.138756	2360(95.2%)	1	0	1	2360	2	0	0
2017-11-28-3818	pfama1.12	25	0.0598086	50819(96.9%)	1	0	1	50819	2	0.000275217	8.54701e-05
2017-11-29-3079	pfama1.15	22	0.0526316	46537(92.1%)	1	0	1	46537	2	0.00214415	0.00173172
2017-11-29-3093	pfama1.37	5	0.0119617	43327(95.2%)	1	0	1	43327	2	0.000393597	0.000706714
2017-11-29-3096	pfama1.06	33	0.0789474	52375(90.6%)	5	0	0.449494	23454	2	0.069177	0.0799701
2017-11-29-3096	pfama1.30	7	0.0167464	52375(90.6%)	5	1	0.420953	22133	2	0.069177	0.0799701
2017-11-29-3096	pfama1.28	8	0.0191388	52375(90.6%)	5	2	0.0904946	4703	2	0.069177	0.0799701
2017-11-29-3096	pfama1.18	18	0.0430622	52375(90.6%)	5	3	0.022744	1218	2	0.069177	0.0799701
2017-11-29-3096	pfama1.11	27	0.0645933	52375(90.6%)	5	4	0.0163135	867	2	0.069177	0.0799701
2017-11-29-3315	pfama1.21	12	0.0287081	2398(92.6%)	2	0	0.763332	1841	2	0.00203804	0
2017-11-29-3315	pfama1.18	18	0.0430622	2398(92.6%)	2	1	0.236668	557	2	0.00203804	0
2017-11-29-3364	pfama1.20	14	0.0334928	50991(96.2%)	1	0	1	50991	2	0.000217037	0.00102621
2017-12-04-3001	pfama1.04	35	0.0837321	36341(91.7%)	3	0	0.970986	35389	2	0.0115512	0.00769476
2017-12-04-3001	pfama1.00	73	0.174641	36341(91.7%)	3	1	0.0201841	628	2	0.0115512	0.00769476
2017-12-04-3001	pfama1.58	1	0.00239234	36341(91.7%)	3	2	0.00882995	324	2	0.0115512	0.00769476
2017-12-04-3164	pfama1.16	22	0.0526316	53096(95.8%)	2	0	0.501119	26463	2	0.00552964	0.00339935
2017-12-04-3164	pfama1.01	58	0.138756	53096(95.8%)	2	1	0.498881	26633	2	0.00552964	0.00339935
2017-12-04-3514	pfama1.00	73	0.174641	4466(87.9%)	2	0	0.988196	4403	2	0.00944882	0.0209974
2017-12-04-3514	pfama1.10	29	0.069378	4466(87.9%)	2	1	0.0118037	63	2	0.00944882	0.0209974
2017-12-05-3284	pfama1.26	10	0.0239234	49062(85.8%)	1	0	1	49062	2	0.000766307	0.0574217
2017-12-05-3285	pfama1.03	47	0.11244	597(89.6%)	5	0	0.670903	402	2	0	0
2017-12-05-3285	pfama1.06	33	0.0789474	597(89.6%)	5	1	0.143557	83	2	0	0
2017-12-05-3285	pfama1.14	23	0.0550239	597(89.6%)	5	2	0.143015	87	2	0	0
2017-12-05-3285	pfama1.42	4	0.00956938	597(89.6%)	5	3	0.0216211	13	2	0	0
2017-12-05-3285	pfama1.35	6	0.0143541	597(89.6%)	5	4	0.0209034	12	2	0	0
2017-12-05-3527	pfama1.03	47	0.11244	49047(94.2%)	1	0	1	49047	2	0.000964342	0.000588928
2017-12-11-3540	pfama1.12	25	0.0598086	47951(77.2%)	1	0	1	47951	2	0.0382241	0.00147194
2017-12-11-3541	pfama1.00	73	0.174641	1053(87.5%)	3	0	0.826476	833	2	0.0226293	0.0254545
2017-12-11-3541	pfama1.13	25	0.0598086	1053(87.5%)	3	1	0.15147	197	2	0.0226293	0.0254545
2017-12-11-3541	pfama1.29	8	0.0191388	1053(87.5%)	3	2	0.0220541	23	2	0.0226293	0.0254545
2017-12-11-3542	pfama1.06	33	0.0789474	26334(96.7%)	4	0	0.874582	22808	2	0.0016042	0.00407242
2017-12-11-3542	pfama1.19	15	0.0358852	26334(96.7%)	4	1	0.0973332	2710	2	0.0016042	0.00407242
2017-12-11-3542	pfama1.02	48	0.114833	26334(96.7%)	4	2	0.0156327	456	2	0.0016042	0.00407242
2017-12-11-3542	pfama1.01	58	0.138756	26334(96.7%)	4	3	0.0124521	360	2	0.0016042	0.00407242
2017-12-11-3546	pfama1.12	25	0.0598086	37421(74.8%)	2	0	0.831943	32442	2	0.104272	0.00777617
2017-12-11-3546	pfama1.11	27	0.0645933	37421(74.8%)	2	1	0.168057	4979	2	0.104272	0.00777617
2017-12-11-3557	pfama1.23	11	0.0263158	32985(95.6%)	1	0	1	32985	2	0.000851789	0.000473401
2017-12-12-3577	pfama1.01	58	0.138756	7307(94.5%)	1	0	1	7307	2	0	0.000366569
2017-12-12-3578	pfama1.25	10	0.0239234	8535(94.9%)	8	0	0.476142	4065	2	0.0120999	0.0173171
2017-12-12-3578	pfama1.11	27	0.0645933	8535(94.9%)	8	1	0.136549	1138	2	0.0120999	0.0173171
2017-12-12-3578	pfama1.23	11	0.0263158	8535(94.9%)	8	2	0.108744	935	2	0.0120999	0.0173171
2017-12-12-3578	pfama1.01	58	0.138756	8535(94.9%)	8	3	0.0947223	811	2	0.0120999	0.0173171
2017-12-12-3578	pfama1.15	22	0.0526316	8535(94.9%)	8	4	0.0694465	581	2	0.0120999	0.0173171
2017-12-12-3578	pfama1.39	5	0.0119617	8535(94.9%)	8	5	0.0453789	425	2	0.0120999	0.0173171
2017-12-12-3578	pfama1.04	35	0.0837321	8535(94.9%)	8	6	0.0378679	318	2	0.0120999	0.0173171
2017-12-12-3578	pfama1.14	23	0.0550239	8535(94.9%)	8	7	0.0311495	262	2	0.0120999	0.0173171
2017-12-12-3579	pfama1.36	5	0.0119617	232(87.5%)	1	0	1	232	2	0	0
2017-12-12-3580	pfama1.07	32	0.076555	24419(96.8%)	1	0	1	24419	2	0	0
2017-12-12-3589	pfama1.00	73	0.174641	296(72.9%)	1	0	1	296	2	0.0254237	0.0173611
2017-12-12-3602	pfama1.26	10	0.0239234	24(70.6%)	2	0	0.544444	13	2	0	0
2017-12-12-3602	pfama1.01	58	0.138756	24(70.6%)	2	1	0.455556	11	2	0	0
2017-12-12-3604	pfama1.38	5	0.0119617	67559(94.6%)	15	0	0.165373	11171	2	0.040116	0.0417222
2017-12-12-3604	pfama1.01	58	0.138756	67559(94.6%)	15	1	0.12742	8583	2	0.040116	0.0417222
2017-12-12-3604	pfama1.22	12	0.0287081	67559(94.6%)	15	2	0.110229	7474	2	0.040116	0.0417222
2017-12-12-3604	pfama1.06	33	0.0789474	67559(94.6%)	15	3	0.104594	7082	2	0.040116	0.0417222
2017-12-12-3604	pfama1.05	34	0.0813397	67559(94.6%)	15	4	0.0887253	6003	2	0.040116	0.0417222
2017-12-12-3604	pfama1.16	22	0.0526316	67559(94.6%)	15	5	0.0851643	5749	2	0.040116	0.0417222
2017-12-12-3604	pfama1.11	27	0.0645933	67559(94.6%)	15	6	0.0819215	5537	2	0.040116	0.0417222
2017-12-12-3604	pfama1.04	35	0.0837321	67559(94.6%)	15	7	0.0573253	3862	2	0.040116	0.0417222
2017-12-12-3604	pfama1.02	48	0.114833	67559(94.6%)	15	8	0.0511504	3444	2	0.040116	0.0417222
2017-12-12-3604	pfama1.03	47	0.11244	67559(94.6%)	15	9	0.0363821	2448	2	0.040116	0.0417222
2017-12-12-3604	pfama1.18	18	0.0430622	67559(94.6%)	15	10	0.0348632	2379	2	0.040116	0.0417222
2017-12-12-3604	pfama1.45	2	0.00478469	67559(94.6%)	15	11	0.0167243	1125	2	0.040116	0.0417222
2017-12-12-3604	pfama1.24	11	0.0263158	67559(94.6%)	15	12	0.015471	1043	2	0.040116	0.0417222
2017-12-12-3604	pfama1.09	30	0.0717703	67559(94.6%)	15	13	0.0145505	981	2	0.040116	0.0417222
2017-12-12-3604	pfama1.12	25	0.0598086	67559(94.6%)	15	14	0.0101057	678	2	0.040116	0.0417222
2017-12-12-3614	pfama1.03	47	0.11244	335(95.7%)	1	0	1	335	2	0	0
2017-12-12-3615	pfama1.00	73	0.174641	1719(84.9%)	2	0	0.886919	1578	2	0.0274443	0.0362319
2017-12-12-3615	pfama1.10	29	0.069378	1719(84.9%)	2	1	0.113081	141	2	0.0274443	0.0362319
2017-12-12-3617	pfama1.07	32	0.076555	18589(97.5%)	1	0	1	18589	1	0.00068152	
2017-12-13-3627	pfama1.00	73	0.174641	1602(82.7%)	2	0	0.87806	1405	2	0.0256709	0.00463392
2017-12-13-3627	pfama1.13	25	0.0598086	1602(82.7%)	2	1	0.12194	197	2	0.0256709	0.00463392
2017-12-13-3630	pfama1.09	30	0.0717703	9926(97.7%)	1	0	1	9926	2	0	0
2017-12-13-3637	pfama1.00	73	0.174641	558(2.85%)	1	0	1	558	2	0.00784314	0.0127953
2017-12-13-3642	pfama1.03	47	0.11244	28953(86.4%)	1	0	1	28953	3	0.000704887	0.0141012
2017-12-18-3122	pfama1.02	48	0.114833	23(65.7%)	1	0	1	23	2	0	0
2017-12-18-3148	pfama1.02	48	0.114833	20627(96.5%)	1	0	1	20627	2	0.000115427	0.000986193
2017-12-18-3154	pfama1.01	58	0.138756	83085(99.3%)	1	0	1	83085	2	0.000122549	9.33336e-05
2017-12-18-3190	pfama1.02	48	0.114833	732(92.9%)	1	0	1	732	2	0	0
2017-12-18-3205	pfama1.32	7	0.0167464	13440(96.4%)	3	0	0.748495	10102	2	0.00674536	0.00112233
2017-12-18-3205	pfama1.31	7	0.0167464	13440(96.4%)	3	1	0.240051	3186	2	0.00674536	0.00112233
2017-12-18-3205	pfama1.01	58	0.138756	13440(96.4%)	3	2	0.0114541	152	2	0.00674536	0.00112233
2017-12-18-3649	pfama1.00	73	0.174641	228(1.12%)	1	0	1	228	2	0.00673401	0.00179919
2017-12-18-3659	pfama1.19	15	0.0358852	464(92.1%)	4	0	0.530172	246	1	0.00992063	
2017-12-18-3659	pfama1.15	22	0.0526316	464(92.1%)	4	1	0.450431	209	1	0.00992063	
2017-12-18-3659	pfama1.54	1	0.00239234	464(92.1%)	4	2	0.0107759	5	1	0.00992063	
2017-12-18-3659	pfama1.59	1	0.00239234	464(92.1%)	4	3	0.00862069	4	1	0.00992063	
2017-12-18-3661	pfama1.00	73	0.174641	1366(75.5%)	3	0	0.492435	749	2	0.019432	0.0307018
2017-12-18-3661	pfama1.50	1	0.00239234	1366(75.5%)	3	1	0.417091	505	2	0.019432	0.0307018
2017-12-18-3661	pfama1.13	25	0.0598086	1366(75.5%)	3	2	0.0904741	112	2	0.019432	0.0307018
2017-12-18-3665	pfama1.03	47	0.11244	211(87.2%)	1	0	1	211	2	0	0
2017-12-18-3824	pfama1.01	58	0.138756	26484(82.3%)	2	0	0.992134	26268	2	0.00360848	0.00796737
2017-12-18-3824	pfama1.63	1	0.00239234	26484(82.3%)	2	1	0.00786592	216	2	0.00360848	0.00796737
2017-12-19-3672	pfama1.15	22	0.0526316	13609(97.5%)	2	0	0.955791	12998	2	0.000959956	0.00120084
2017-12-19-3672	pfama1.27	9	0.0215311	13609(97.5%)	2	1	0.044209	611	2	0.000959956	0.00120084
2017-12-19-3673	pfama1.12	25	0.0598086	4286(95.2%)	2	0	0.675942	2848	2	0	0.000815993
2017-12-19-3673	pfama1.08	31	0.0741627	4286(95.2%)	2	1	0.324058	1438	2	0	0.000815993
2017-12-19-3677	pfama1.21	12	0.0287081	2754(95.9%)	4	0	0.613762	1690	2	0	0
2017-12-19-3677	pfama1.03	47	0.11244	2754(95.9%)	4	1	0.262328	723	2	0	0
2017-12-19-3677	pfama1.12	25	0.0598086	2754(95.9%)	4	2	0.0961519	265	2	0	0
2017-12-19-3677	pfama1.17	20	0.0478469	2754(95.9%)	4	3	0.0277577	76	2	0	0
2017-12-19-3685	pfama1.34	7	0.0167464	434(94.1%)	3	0	0.813364	353	1	0.00433839	
2017-12-19-3685	pfama1.33	7	0.0167464	434(94.1%)	3	1	0.177419	77	1	0.00433839	
2017-12-19-3685	pfama1.57	1	0.00239234	434(94.1%)	3	2	0.00921659	4	1	0.00433839	
2017-12-20-3708	pfama1.08	31	0.0741627	120220(98.4%)	1	0	1	120220	2	0.000104797	7.21566e-05
2017-12-20-3709	pfama1.18	18	0.0430622	25886(97.8%)	1	0	1	25886	2	0.000431158	0
2017-12-20-3713	pfama1.25	10	0.0239234	33928(89.7%)	1	0	1	33928	2	0.00368925	0.00248515
2017-12-20-3714	pfama1.05	34	0.0813397	46719(92.6%)	2	0	0.842887	39392	2	0.047082	0.0310156
2017-12-20-3714	pfama1.14	23	0.0550239	46719(92.6%)	2	1	0.157113	7327	2	0.047082	0.0310156
2017-12-20-3719	pfama1.00	73	0.174641	3083(16.6%)	1	0	1	3083	2	0.00630978	0.0138106
2017-12-20-3720	pfama1.02	48	0.114833	40302(92.8%)	1	0	1	40302	2	0.000872473	0.00153542
2017-12-20-3728	pfama1.05	34	0.0813397	43452(93.7%)	1	0	1	43452	2	0.00164143	0.000400539
2017-12-27-3747	pfama1.02	48	0.114833	80(94.1%)	1	0	1	80	2	0	0
2017-12-27-3754	pfama1.00	73	0.174641	2766(79.5%)	4	0	0.847272	2341	2	0.10231	0.0126506
2017-12-27-3754	pfama1.10	29	0.069378	2766(79.5%)	4	1	0.0991137	276	2	0.10231	0.0126506
2017-12-27-3754	pfama1.13	25	0.0598086	2766(79.5%)	4	2	0.0346146	96	2	0.10231	0.0126506
2017-12-27-3754	pfama1.29	8	0.0191388	2766(79.5%)	4	3	0.0189997	53	2	0.10231	0.0126506
2017-12-27-3758	pfama1.00	73	0.174641	947(11%)	1	0	1	947	2	0	0.00493085
2017-12-27-3762	pfama1.09	30	0.0717703	221(90.2%)	1	0	1	221	2	0	0
2017-12-27-3766	pfama1.04	35	0.0837321	66(94.3%)	1	0	1	66	1	0	
2017-12-27-3777	pfama1.15	22	0.0526316	27307(86.5%)	4	0	0.586144	14624	2	0.141459	0.00193732
2017-12-27-3777	pfama1.07	32	0.076555	27307(86.5%)	4	1	0.212075	6725	2	0.141459	0.00193732
2017-12-27-3777	pfama1.17	20	0.0478469	27307(86.5%)	4	2	0.116111	3314	2	0.141459	0.00193732
2017-12-27-3777	pfama1.42	4	0.00956938	27307(86.5%)	4	3	0.0856697	2644	2	0.141459	0.00193732
2017-12-27-3779	pfama1.00	73	0.174641	2173(76.5%)	4	0	0.828684	1718	2	0.00745573	0.0561151
2017-12-27-3779	pfama1.10	29	0.069378	2173(76.5%)	4	1	0.10603	291	2	0.00745573	0.0561151
2017-12-27-3779	pfama1.13	25	0.0598086	2173(76.5%)	4	2	0.0567866	144	2	0.00745573	0.0561151
2017-12-27-3779	pfama1.47	2	0.00478469	2173(76.5%)	4	3	0.00849941	20	2	0.00745573	0.0561151
2017-12-28-3785	pfama1.01	58	0.138756	63282(93.5%)	2	0	0.916772	57961	2	0.0143933	0.0101704
2017-12-28-3785	pfama1.41	4	0.00956938	63282(93.5%)	2	1	0.0832283	5321	2	0.0143933	0.0101704
2017-12-28-3786	pfama1.08	31	0.0741627	24459(96.9%)	4	0	0.803818	19640	2	0.00238134	0.00474332
2017-12-28-3786	pfama1.09	30	0.0717703	24459(96.9%)	4	1	0.121602	2976	2	0.00238134	0.00474332
2017-12-28-3786	pfama1.05	34	0.0813397	24459(96.9%)	4	2	0.0445784	1108	2	0.00238134	0.00474332
2017-12-28-3786	pfama1.02	48	0.114833	24459(96.9%)	4	3	0.0300021	735	2	0.00238134	0.00474332
2017-12-28-3787	pfama1.04	35	0.0837321	50027(94%)	1	0	1	50027	2	0.000781944	0.00143541
2017-12-28-3807	pfama1.00	73	0.174641	2572(85.2%)	3	0	0.901302	2319	2	0.00344116	0.0083014
2017-12-28-3807	pfama1.13	25	0.0598086	2572(85.2%)	3	1	0.0912871	234	2	0.00344116	0.0083014
2017-12-28-3807	pfama1.29	8	0.0191388	2572(85.2%)	3	2	0.00741048	19	2	0.00344116	0.0083014
2017-12-28-3816	pfama1.01	58	0.138756	12909(96.3%)	1	0	1	12909	2	0	0
2017-12-28-3818	pfama1.12	25	0.0598086	29323(95.4%)	1	0	1	29323	2	0.000174611	0.0005163
2017-12-29-3093	pfama1.37	5	0.0119617	35330(89%)	1	0	1	35330	3	0	0.00404059
2017-12-29-3095	pfama1.07	32	0.076555	576(95.8%)	1	0	1	576	2	0	0
2017-12-29-3096	pfama1.11	27	0.0645933	3992(97.8%)	3	0	0.520541	2078	1	0.00343053	
2017-12-29-3096	pfama1.28	8	0.0191388	3992(97.8%)	3	1	0.45015	1797	1	0.00343053	
2017-12-29-3096	pfama1.06	33	0.0789474	3992(97.8%)	3	2	0.0293086	117	1	0.00343053	
2017-12-29-3315	pfama1.21	12	0.0287081	24(96%)	1	0	1	24	2	0	0
2017-12-29-3364	pfama1.20	14	0.0334928	96(96%)	1	0	1	96	2	0	0
2017-12-29-3504	pfama1.00	73	0.174641	1114(85.2%)	2	0	0.851007	950	2	0.0196445	0.0167364
2017-12-29-3504	pfama1.10	29	0.069378	1114(85.2%)	2	1	0.148993	164	2	0.0196445	0.0167364
2017-12-29-3508	pfama1.00	73	0.174641	343(61.1%)	1	0	1	343	2	0	0
2017-12-29-3510	pfama1.00	73	0.174641	479(67.5%)	2	0	0.891295	427	2	0.015748	0.0395137
2017-12-29-3510	pfama1.10	29	0.069378	479(67.5%)	2	1	0.108705	52	2	0.015748	0.0395137
2018-01-03-3164	pfama1.01	58	0.138756	37688(98.4%)	2	0	0.845065	31935	2	0.00138825	0.000344281
2018-01-03-3164	pfama1.16	22	0.0526316	37688(98.4%)	2	1	0.154935	5753	2	0.00138825	0.000344281
2018-01-04-3285	pfama1.14	23	0.0550239	84079(95.9%)	5	0	0.638093	53184	2	0.018125	0.0211699
2018-01-04-3285	pfama1.03	47	0.11244	84079(95.9%)	5	1	0.197385	16823	2	0.018125	0.0211699
2018-01-04-3285	pfama1.26	10	0.0239234	84079(95.9%)	5	2	0.120312	10195	2	0.018125	0.0211699
2018-01-04-3285	pfama1.35	6	0.0143541	84079(95.9%)	5	3	0.0367369	3220	2	0.018125	0.0211699
2018-01-04-3285	pfama1.06	33	0.0789474	84079(95.9%)	5	4	0.00747249	657	2	0.018125	0.0211699
2018-01-04-3523	pfama1.05	34	0.0813397	45795(92.8%)	1	0	1	45795	2	0.00158976	0.00123059
2018-01-04-3525	pfama1.00	73	0.174641	1741(84.6%)	3	0	0.970891	1690	2	0.0359649	0.0195865
2018-01-04-3525	pfama1.10	29	0.069378	1741(84.6%)	3	1	0.0227601	40	2	0.0359649	0.0195865
2018-01-04-3525	pfama1.66	1	0.00239234	1741(84.6%)	3	2	0.0063488	11	2	0.0359649	0.0195865
2018-01-04-3527	pfama1.03	47	0.11244	76765(90.3%)	1	0	1	76765	2	0.00274397	0.00258957
2018-01-05-3336	pfama1.00	73	0.174641	4399(84.3%)	2	0	0.975522	4280	2	0.0303588	0.0147959
2018-01-05-3336	pfama1.13	25	0.0598086	4399(84.3%)	2	1	0.0244782	119	2	0.0303588	0.0147959
2018-01-08-3541	pfama1.14	23	0.0550239	26118(81.3%)	2	0	0.992008	25910	2	0.0073409	0.00760043
2018-01-08-3541	pfama1.62	1	0.00239234	26118(81.3%)	2	1	0.00799214	208	2	0.0073409	0.00760043
2018-01-08-3542	pfama1.27	9	0.0215311	38251(87.3%)	4	0	0.861026	32873	2	0.0689618	0.0891168
2018-01-08-3542	pfama1.06	33	0.0789474	38251(87.3%)	4	1	0.0719382	2795	2	0.0689618	0.0891168
2018-01-08-3542	pfama1.05	34	0.0813397	38251(87.3%)	4	2	0.0564989	2180	2	0.0689618	0.0891168
2018-01-08-3542	pfama1.17	20	0.0478469	38251(87.3%)	4	3	0.0105366	403	2	0.0689618	0.0891168
2018-01-08-3546	pfama1.12	25	0.0598086	69001(71.8%)	2	0	0.703261	48497	2	0.187861	0.156142
2018-01-08-3546	pfama1.11	27	0.0645933	69001(71.8%)	2	1	0.296739	20504	2	0.187861	0.156142
2018-01-09-3575	pfama1.00	73	0.174641	4669(16.8%)	1	0	1	4669	2	0.016943	0.00670122
2018-01-09-3577	pfama1.00	73	0.174641	686(81.4%)	2	0	0.982201	674	2	0.00817996	0.00564972
2018-01-09-3577	pfama1.13	25	0.0598086	686(81.4%)	2	1	0.0177991	12	2	0.00817996	0.00564972
2018-01-09-3578	pfama1.23	11	0.0263158	58715(80.1%)	5	0	0.358991	20661	2	0.106248	0.0921226
2018-01-09-3578	pfama1.15	22	0.0526316	58715(80.1%)	5	1	0.247924	15329	2	0.106248	0.0921226
2018-01-09-3578	pfama1.39	5	0.0119617	58715(80.1%)	5	2	0.176009	10495	2	0.106248	0.0921226
2018-01-09-3578	pfama1.04	35	0.0837321	58715(80.1%)	5	3	0.137071	7726	2	0.106248	0.0921226
2018-01-09-3578	pfama1.08	31	0.0741627	58715(80.1%)	5	4	0.0800048	4504	2	0.106248	0.0921226
2018-01-09-3579	pfama1.36	5	0.0119617	41100(91.7%)	1	0	1	41100	2	0.00164785	0.00137251
2018-01-09-3580	pfama1.00	73	0.174641	1406(74.3%)	1	0	1	1406	2	0.0232005	0
2018-01-09-3602	pfama1.22	12	0.0287081	28900(79.6%)	6	0	0.417044	11975	2	0.0388536	0.204704
2018-01-09-3602	pfama1.01	58	0.138756	28900(79.6%)	6	1	0.261956	7835	2	0.0388536	0.204704
2018-01-09-3602	pfama1.08	31	0.0741627	28900(79.6%)	6	2	0.117716	3092	2	0.0388536	0.204704
2018-01-09-3602	pfama1.23	11	0.0263158	28900(79.6%)	6	3	0.114863	3266	2	0.0388536	0.204704
2018-01-09-3602	pfama1.03	47	0.11244	28900(79.6%)	6	4	0.0492588	1368	2	0.0388536	0.204704
2018-01-09-3602	pfama1.07	32	0.076555	28900(79.6%)	6	5	0.0391624	1364	2	0.0388536	0.204704
2018-01-09-3604	pfama1.22	12	0.0287081	91062(91.7%)	8	0	0.525094	47827	2	0.0437187	0.0601461
2018-01-09-3604	pfama1.16	22	0.0526316	91062(91.7%)	8	1	0.217002	19969	2	0.0437187	0.0601461
2018-01-09-3604	pfama1.12	25	0.0598086	91062(91.7%)	8	2	0.121472	10863	2	0.0437187	0.0601461
2018-01-09-3604	pfama1.05	34	0.0813397	91062(91.7%)	8	3	0.0831409	7527	2	0.0437187	0.0601461
2018-01-09-3604	pfama1.04	35	0.0837321	91062(91.7%)	8	4	0.0171926	1550	2	0.0437187	0.0601461
2018-01-09-3604	pfama1.09	30	0.0717703	91062(91.7%)	8	5	0.015929	1475	2	0.0437187	0.0601461
2018-01-09-3604	pfama1.24	11	0.0263158	91062(91.7%)	8	6	0.0125504	1173	2	0.0437187	0.0601461
2018-01-09-3604	pfama1.14	23	0.0550239	91062(91.7%)	8	7	0.00761949	678	2	0.0437187	0.0601461
2018-01-09-3614	pfama1.03	47	0.11244	48381(92.8%)	1	0	1	48381	2	0.00184465	0.00180035
2018-01-09-3616	pfama1.03	47	0.11244	57674(94.4%)	1	0	1	57674	2	0.000406463	0.00123519
2018-01-10-3627	pfama1.00	73	0.174641	198(73.3%)	1	0	1	198	2	0	0
2018-01-10-3630	pfama1.09	30	0.0717703	57146(97.3%)	1	0	1	57146	2	0.000536636	0.000463849
2018-01-10-3635	pfama1.07	32	0.076555	38643(91.7%)	2	0	0.99286	38370	2	0.00172961	0.00234126
2018-01-10-3635	pfama1.48	2	0.00478469	38643(91.7%)	2	1	0.00714007	273	2	0.00172961	0.00234126
2018-01-15-3122	pfama1.02	48	0.114833	29603(62.6%)	1	0	1	29603	2	0.00327279	0.0742965
2018-01-15-3154	pfama1.01	58	0.138756	46541(93.7%)	1	0	1	46541	2	0.000628169	0.00109513
2018-01-15-3190	pfama1.02	48	0.114833	44787(96%)	1	0	1	44787	2	0.000274725	0.000512733
2018-01-15-3658	pfama1.02	48	0.114833	42706(91.7%)	1	0	1	42706	2	0.00347272	0.000664816
2018-01-15-3659	pfama1.15	22	0.0526316	43499(91.1%)	1	0	1	43499	2	0.00168863	0.00245923
2018-01-15-3665	pfama1.03	47	0.11244	43408(91.2%)	1	0	1	43408	2	0.00117897	0.00212194
2018-01-15-3825	pfama1.01	58	0.138756	42616(91.2%)	1	0	1	42616	2	0.00161046	0.00109392
2018-01-16-3672	pfama1.15	22	0.0526316	36495(77.9%)	1	0	1	36495	2	0.0589961	0.0856196
2018-01-16-3677	pfama1.21	12	0.0287081	19352(62.2%)	5	0	0.410315	7221	2	0.268601	0.22432
2018-01-16-3677	pfama1.12	25	0.0598086	19352(62.2%)	5	1	0.371051	7845	2	0.268601	0.22432
2018-01-16-3677	pfama1.02	48	0.114833	19352(62.2%)	5	2	0.135626	2953	2	0.268601	0.22432
2018-01-16-3677	pfama1.03	47	0.11244	19352(62.2%)	5	3	0.045158	625	2	0.268601	0.22432
2018-01-16-3677	pfama1.17	20	0.0478469	19352(62.2%)	5	4	0.0378494	708	2	0.268601	0.22432
2018-01-16-3685	pfama1.33	7	0.0167464	63287(97.8%)	2	0	0.869758	55057	2	0.00917996	0.0036175
2018-01-16-3685	pfama1.34	7	0.0167464	63287(97.8%)	2	1	0.130242	8230	2	0.00917996	0.0036175
2018-01-17-3205	pfama1.31	7	0.0167464	38260(83.9%)	3	0	0.861713	32593	2	0.0516964	0.0974944
2018-01-17-3205	pfama1.32	7	0.0167464	38260(83.9%)	3	1	0.104157	4361	2	0.0516964	0.0974944
2018-01-17-3205	pfama1.01	58	0.138756	38260(83.9%)	3	2	0.03413	1306	2	0.0516964	0.0974944
2018-01-17-3709	pfama1.18	18	0.0430622	85099(90.2%)	1	0	1	85099	2	0.00259124	0.0021474
2018-01-17-3713	pfama1.25	10	0.0239234	50912(93.1%)	1	0	1	50912	2	0.00111359	0.000595659
2018-01-17-3714	pfama1.05	34	0.0813397	48075(89.4%)	2	0	0.685653	33081	2	0.0541022	0.05703
2018-01-17-3714	pfama1.14	23	0.0550239	48075(89.4%)	2	1	0.314347	14994	2	0.0541022	0.05703
2018-01-17-3723	pfama1.00	73	0.174641	3051(85.5%)	2	0	0.975493	2991	2	0.0366972	0.0104906
2018-01-17-3723	pfama1.13	25	0.0598086	3051(85.5%)	2	1	0.0245068	60	2	0.0366972	0.0104906
2018-01-22-3746	pfama1.11	27	0.0645933	33986(76.4%)	2	0	0.578035	20183	2	0.210126	0.177194
2018-01-22-3746	pfama1.03	47	0.11244	33986(76.4%)	2	1	0.421965	13803	2	0.210126	0.177194
2018-01-22-3747	pfama1.02	48	0.114833	55727(87.6%)	2	0	0.994207	55407	2	0.00151634	0.00897274
2018-01-22-3747	pfama1.67	1	0.00239234	55727(87.6%)	2	1	0.00579285	320	2	0.00151634	0.00897274
2018-01-22-3761	pfama1.07	32	0.076555	79074(95%)	1	0	1	79074	2	0.000464277	0.00101228
2018-01-22-3762	pfama1.09	30	0.0717703	76540(86.6%)	1	0	1	76540	2	0.00476471	0.00488091
2018-01-22-3766	pfama1.04	35	0.0837321	32958(79.3%)	2	0	0.609729	20054	2	0.167106	0.164015
2018-01-22-3766	pfama1.01	58	0.138756	32958(79.3%)	2	1	0.390271	12904	2	0.167106	0.164015
2018-01-22-3777	pfama1.17	20	0.0478469	61615(86.9%)	2	0	0.919676	56349	2	0.111276	0.0474119
2018-01-22-3777	pfama1.07	32	0.076555	61615(86.9%)	2	1	0.0803245	5266	2	0.111276	0.0474119
2018-01-22-3779	pfama1.00	73	0.174641	6300(90.5%)	3	0	0.976646	6153	2	0.0153212	0.0238162
2018-01-22-3779	pfama1.10	29	0.069378	6300(90.5%)	3	1	0.0127506	80	2	0.0153212	0.0238162
2018-01-22-3779	pfama1.13	25	0.0598086	6300(90.5%)	3	2	0.010603	67	2	0.0153212	0.0238162
2018-01-23-3815	pfama1.01	58	0.138756	44421(93.4%)	1	0	1	44421	2	0.00180932	0.00126491
2018-01-23-3816	pfama1.01	58	0.138756	34598(93.1%)	1	0	1	34598	2	0.00108888	0.00182401
2018-01-23-3818	pfama1.12	25	0.0598086	38930(88.9%)	1	0	1	38930	2	0.00546733	0.00321321
2018-01-24-3079	pfama1.15	22	0.0526316	42500(91%)	1	0	1	42500	2	0.00187283	0.00295963
2018-01-24-3093	pfama1.00	73	0.174641	11691(87.2%)	3	0	0.97994	11447	2	0.0155553	0.0066454
2018-01-24-3093	pfama1.13	25	0.0598086	11691(87.2%)	3	1	0.0106185	115	2	0.0155553	0.0066454
2018-01-24-3093	pfama1.56	1	0.00239234	11691(87.2%)	3	2	0.00944103	129	2	0.0155553	0.0066454
2018-01-24-3095	pfama1.07	32	0.076555	45029(94.6%)	1	0	1	45029	2	0.0000844951	0.00163125
2018-01-24-3096	pfama1.16	22	0.0526316	46788(82.2%)	4	0	0.815946	38057	2	0.0873969	0.142677
2018-01-24-3096	pfama1.06	33	0.0789474	46788(82.2%)	4	1	0.138902	6671	2	0.0873969	0.142677
2018-01-24-3096	pfama1.28	8	0.0191388	46788(82.2%)	4	2	0.0357654	1611	2	0.0873969	0.142677
2018-01-24-3096	pfama1.18	18	0.0430622	46788(82.2%)	4	3	0.00938582	449	2	0.0873969	0.142677
2018-01-24-3315	pfama1.09	30	0.0717703	40555(85.2%)	5	0	0.842868	34162	2	0.0634682	0.0907189
2018-01-24-3315	pfama1.21	12	0.0287081	40555(85.2%)	5	1	0.0854063	3337	2	0.0634682	0.0907189
2018-01-24-3315	pfama1.52	1	0.00239234	40555(85.2%)	5	2	0.030268	1214	2	0.0634682	0.0907189
2018-01-24-3315	pfama1.18	18	0.0430622	40555(85.2%)	5	3	0.0234395	1104	2	0.0634682	0.0907189
2018-01-24-3315	pfama1.06	33	0.0789474	40555(85.2%)	5	4	0.0180181	738	2	0.0634682	0.0907189
2018-01-24-3364	pfama1.20	14	0.0334928	46215(93.3%)	1	0	1	46215	2	0.00274048	0.00182097
2018-01-24-3505	pfama1.43	3	0.00717703	59652(93.6%)	1	0	1	59652	2	0.000513347	0.0016187
2018-01-24-3510	pfama1.30	7	0.0167464	58473(91.9%)	1	0	1	58473	2	0.00332724	0.00118207
2018-01-24-3785	pfama1.41	4	0.00956938	58311(87.7%)	1	0	1	58311	2	0.00268114	0.0121
2018-01-24-3786	pfama1.05	34	0.0813397	47015(89.2%)	4	0	0.898884	42224	2	0.05303	0.0556642
2018-01-24-3786	pfama1.08	31	0.0741627	47015(89.2%)	4	1	0.0779302	3686	2	0.05303	0.0556642
2018-01-24-3786	pfama1.04	35	0.0837321	47015(89.2%)	4	2	0.0140061	667	2	0.05303	0.0556642
2018-01-24-3786	pfama1.02	48	0.114833	47015(89.2%)	4	3	0.00917953	438	2	0.05303	0.0556642
2018-01-24-3787	pfama1.04	35	0.0837321	41703(92.4%)	1	0	1	41703	2	0.00176596	0.00189496
2018-01-26-3154	pfama1.01	58	0.138756	169617(98.6%)	1	0	1	169617	2	0.0000610285	0.000277343
2018-01-29-3164	pfama1.16	22	0.0526316	44103(94.6%)	2	0	0.677847	29907	2	0.00631831	0.00457094
2018-01-29-3164	pfama1.01	58	0.138756	44103(94.6%)	2	1	0.322153	14196	2	0.00631831	0.00457094
2018-01-29-3521	pfama1.01	58	0.138756	66815(90.6%)	1	0	1	66815	2	0.00205104	0.00391865
2018-01-30-3285	pfama1.02	48	0.114833	51919(95%)	4	0	0.366396	20114	2	0.00466994	0.0340882
2018-01-30-3285	pfama1.26	10	0.0239234	51919(95%)	4	1	0.272324	14045	2	0.00466994	0.0340882
2018-01-30-3285	pfama1.06	33	0.0789474	51919(95%)	4	2	0.210847	9731	2	0.00466994	0.0340882
2018-01-30-3285	pfama1.35	6	0.0143541	51919(95%)	4	3	0.150433	8029	2	0.00466994	0.0340882
2018-01-30-3523	pfama1.05	34	0.0813397	48516(90.3%)	1	0	1	48516	2	0.00271893	0.00179691
2018-01-30-3525	pfama1.17	20	0.0478469	98952(91.1%)	1	0	1	98952	2	0.00576385	0.0021809
2018-01-30-3677	pfama1.02	48	0.114833	42187(79%)	4	0	0.535554	22588	2	0.190009	0.178881
2018-01-30-3677	pfama1.21	12	0.0287081	42187(79%)	4	1	0.299668	12637	2	0.190009	0.178881
2018-01-30-3677	pfama1.03	47	0.11244	42187(79%)	4	2	0.110036	4625	2	0.190009	0.178881
2018-01-30-3677	pfama1.12	25	0.0598086	42187(79%)	4	3	0.0547423	2337	2	0.190009	0.178881
2018-02-05-3540	pfama1.06	33	0.0789474	42996(50%)	1	0	1	42996	2	0.18627	0.00216582
2018-02-05-3541	pfama1.14	23	0.0550239	86934(88.3%)	1	0	1	86934	2	0.00430122	0.00269141
2018-02-05-3542	pfama1.02	48	0.114833	54023(98.3%)	4	0	0.91367	49370	2	0.00246852	0.00399926
2018-02-05-3542	pfama1.27	9	0.0215311	54023(98.3%)	4	1	0.0494261	2662	2	0.00246852	0.00399926
2018-02-05-3542	pfama1.05	34	0.0813397	54023(98.3%)	4	2	0.0224617	1208	2	0.00246852	0.00399926
2018-02-05-3542	pfama1.06	33	0.0789474	54023(98.3%)	4	3	0.0144418	783	2	0.00246852	0.00399926
2018-02-06-3546	pfama1.00	73	0.174641	228(0.149%)	1	0	1	228	2	0.0269133	0.0330882
2018-02-06-3578	pfama1.23	11	0.0263158	39807(70.9%)	10	0	0.212171	8451	2	0.267078	0.25929
2018-02-06-3578	pfama1.11	27	0.0645933	39807(70.9%)	10	1	0.150625	6022	2	0.267078	0.25929
2018-02-06-3578	pfama1.16	22	0.0526316	39807(70.9%)	10	2	0.128526	5122	2	0.267078	0.25929
2018-02-06-3578	pfama1.25	10	0.0239234	39807(70.9%)	10	3	0.110462	4417	2	0.267078	0.25929
2018-02-06-3578	pfama1.01	58	0.138756	39807(70.9%)	10	4	0.109841	4317	2	0.267078	0.25929
2018-02-06-3578	pfama1.14	23	0.0550239	39807(70.9%)	10	5	0.0947262	3795	2	0.267078	0.25929
2018-02-06-3578	pfama1.07	32	0.076555	39807(70.9%)	10	6	0.0657459	2628	2	0.267078	0.25929
2018-02-06-3578	pfama1.15	22	0.0526316	39807(70.9%)	10	7	0.0485375	1904	2	0.267078	0.25929
2018-02-06-3578	pfama1.04	35	0.0837321	39807(70.9%)	10	8	0.0414161	1639	2	0.267078	0.25929
2018-02-06-3578	pfama1.12	25	0.0598086	39807(70.9%)	10	9	0.0379497	1512	2	0.267078	0.25929
2018-02-06-3579	pfama1.36	5	0.0119617	88143(87.6%)	1	0	1	88143	2	0.0038143	0.00429004
2018-02-06-3602	pfama1.11	27	0.0645933	37131(74%)	8	0	0.279587	10363	2	0.232919	0.222933
2018-02-06-3602	pfama1.03	47	0.11244	37131(74%)	8	1	0.257294	9629	2	0.232919	0.222933
2018-02-06-3602	pfama1.23	11	0.0263158	37131(74%)	8	2	0.161427	5989	2	0.232919	0.222933
2018-02-06-3602	pfama1.01	58	0.138756	37131(74%)	8	3	0.143616	5313	2	0.232919	0.222933
2018-02-06-3602	pfama1.08	31	0.0741627	37131(74%)	8	4	0.0865839	3149	2	0.232919	0.222933
2018-02-06-3602	pfama1.07	32	0.076555	37131(74%)	8	5	0.0360221	1353	2	0.232919	0.222933
2018-02-06-3602	pfama1.26	10	0.0239234	37131(74%)	8	6	0.022614	861	2	0.232919	0.222933
2018-02-06-3602	pfama1.22	12	0.0287081	37131(74%)	8	7	0.0128571	474	2	0.232919	0.222933
2018-02-06-3614	pfama1.03	47	0.11244	250826(65.3%)	3	0	0.727784	180032	2	0.237891	0.181798
2018-02-06-3614	pfama1.44	3	0.00717703	250826(65.3%)	3	1	0.243109	64258	2	0.237891	0.181798
2018-02-06-3614	pfama1.53	1	0.00239234	250826(65.3%)	3	2	0.0291076	6536	2	0.237891	0.181798
2018-02-06-3616	pfama1.03	47	0.11244	42882(91.2%)	1	0	1	42882	2	0.00247818	0.00200211
2018-02-06-3617	pfama1.04	35	0.0837321	93367(93%)	15	0	0.179777	16713	2	0.0498778	0.0519077
2018-02-06-3617	pfama1.09	30	0.0717703	93367(93%)	15	1	0.134711	12546	2	0.0498778	0.0519077
2018-02-06-3617	pfama1.18	18	0.0430622	93367(93%)	15	2	0.132084	12293	2	0.0498778	0.0519077
2018-02-06-3617	pfama1.03	47	0.11244	93367(93%)	15	3	0.129546	12103	2	0.0498778	0.0519077
2018-02-06-3617	pfama1.01	58	0.138756	93367(93%)	15	4	0.103401	9660	2	0.0498778	0.0519077
2018-02-06-3617	pfama1.22	12	0.0287081	93367(93%)	15	5	0.0574943	5404	2	0.0498778	0.0519077
2018-02-06-3617	pfama1.45	2	0.00478469	93367(93%)	15	6	0.0494837	4590	2	0.0498778	0.0519077
2018-02-06-3617	pfama1.02	48	0.114833	93367(93%)	15	7	0.0449453	4215	2	0.0498778	0.0519077
2018-02-06-3617	pfama1.06	33	0.0789474	93367(93%)	15	8	0.042346	3928	2	0.0498778	0.0519077
2018-02-06-3617	pfama1.16	22	0.0526316	93367(93%)	15	9	0.0281813	2708	2	0.0498778	0.0519077
2018-02-06-3617	pfama1.11	27	0.0645933	93367(93%)	15	10	0.0235414	2199	2	0.0498778	0.0519077
2018-02-06-3617	pfama1.12	25	0.0598086	93367(93%)	15	11	0.0234602	2218	2	0.0498778	0.0519077
2018-02-06-3617	pfama1.38	5	0.0119617	93367(93%)	15	12	0.0199753	1850	2	0.0498778	0.0519077
2018-02-06-3617	pfama1.24	11	0.0263158	93367(93%)	15	13	0.0165615	1559	2	0.0498778	0.0519077
2018-02-06-3617	pfama1.05	34	0.0813397	93367(93%)	15	14	0.0144923	1381	2	0.0498778	0.0519077
2018-02-07-3630	pfama1.09	30	0.0717703	39499(89%)	1	0	1	39499	2	0.00336873	0.00249228
2018-02-07-3635	pfama1.07	32	0.076555	119599(98.6%)	1	0	1	119599	2	0.000113048	8.79031e-05
2018-02-12-3122	pfama1.02	48	0.114833	68186(88.7%)	1	0	1	68186	2	0.00443036	0.00375312
2018-02-12-3148	pfama1.00	73	0.174641	221(92.1%)	1	0	1	221	2	0	0
2018-02-12-3154	pfama1.00	73	0.174641	3399(14.9%)	1	0	1	3399	2	0.0112366	0.0202876
2018-02-12-3190	pfama1.02	48	0.114833	69663(95.9%)	1	0	1	69663	2	0.000951604	0.000111517
2018-02-12-3202	pfama1.31	7	0.0167464	41677(92.6%)	1	0	1	41677	2	0.00126951	0.00168615
2018-02-12-3205	pfama1.31	7	0.0167464	38162(83.9%)	3	0	0.836174	32082	2	0.109748	0.0770975
2018-02-12-3205	pfama1.32	7	0.0167464	38162(83.9%)	3	1	0.127392	4711	2	0.109748	0.0770975
2018-02-12-3205	pfama1.01	58	0.138756	38162(83.9%)	3	2	0.0364344	1369	2	0.109748	0.0770975
2018-02-12-3659	pfama1.19	15	0.0358852	52443(97.3%)	2	0	0.980631	51467	2	0.00148622	0.00130668
2018-02-12-3659	pfama1.33	7	0.0167464	52443(97.3%)	2	1	0.0193692	976	2	0.00148622	0.00130668
2018-02-12-3665	pfama1.03	47	0.11244	62419(94.5%)	1	0	1	62419	2	0.000526793	0.00043872
2018-02-13-3672	pfama1.04	35	0.0837321	67010(77.2%)	2	0	0.849683	55366	2	0.0295552	0.0554411
2018-02-13-3672	pfama1.27	9	0.0215311	67010(77.2%)	2	1	0.150317	11644	2	0.0295552	0.0554411
2018-02-13-3673	pfama1.00	73	0.174641	2729(84.9%)	2	0	0.990228	2701	2	0.00750188	0.04
2018-02-13-3673	pfama1.55	1	0.00239234	2729(84.9%)	2	1	0.00977194	28	2	0.00750188	0.04
2018-02-13-3677	pfama1.21	12	0.0287081	30575(78.6%)	1	0	1	30575	2	0.000754323	0.0680454
2018-02-13-3685	pfama1.33	7	0.0167464	42634(82.3%)	2	0	0.772894	32922	2	0.145064	0.146157
2018-02-13-3685	pfama1.34	7	0.0167464	42634(82.3%)	2	1	0.227106	9712	2	0.145064	0.146157
2018-02-14-3708	pfama1.08	31	0.0741627	112807(98.5%)	1	0	1	112807	2	0.000217018	0
2018-02-14-3709	pfama1.18	18	0.0430622	60132(94.3%)	1	0	1	60132	2	0.000569705	0.00117931
2018-02-14-3713	pfama1.25	10	0.0239234	76593(87%)	1	0	1	76593	2	0.00194616	0.00525121
2018-02-14-3714	pfama1.14	23	0.0550239	37571(76.3%)	1	0	1	37571	2	0.109391	0.00182802
2018-02-14-3724	pfama1.00	73	0.174641	2967(83.8%)	2	0	0.974629	2887	2	0.0121212	0.0154753
2018-02-14-3724	pfama1.13	25	0.0598086	2967(83.8%)	2	1	0.0253706	80	2	0.0121212	0.0154753
2018-02-14-3728	pfama1.05	34	0.0813397	60398(76.2%)	1	0	1	60398	3	0.0138649	0.0095446
2018-02-19-3746	pfama1.03	47	0.11244	46264(92%)	1	0	1	46264	2	0.00335201	0.00241808
2018-02-19-3747	pfama1.02	48	0.114833	38777(91.9%)	1	0	1	38777	2	0.00176621	0.00266073
2018-02-19-3758	pfama1.00	73	0.174641	4026(84.2%)	2	0	0.982475	3941	2	0.00638686	0.0236156
2018-02-19-3758	pfama1.13	25	0.0598086	4026(84.2%)	2	1	0.0175248	85	2	0.00638686	0.0236156
2018-02-19-3761	pfama1.07	32	0.076555	47255(96.6%)	1	0	1	47255	2	0.000891345	0.000528422
2018-02-19-3762	pfama1.00	73	0.174641	3078(12.9%)	1	0	1	3078	2	0.0306963	0.0417224
2018-02-19-3766	pfama1.04	35	0.0837321	52801(94.5%)	1	0	1	52801	2	0.000663311	0.00118922
2018-02-19-3774	pfama1.00	73	0.174641	2966(85.5%)	2	0	0.979444	2881	2	0.0292197	0.00356506
2018-02-19-3774	pfama1.10	29	0.069378	2966(85.5%)	2	1	0.0205557	85	2	0.0292197	0.00356506
2018-02-19-3777	pfama1.17	20	0.0478469	32344(64.4%)	1	0	1	32344	2	0.00179114	0.203249
2018-02-20-3786	pfama1.08	31	0.0741627	33179(74.9%)	3	0	0.430564	14241	2	0.238983	0.211518
2018-02-20-3786	pfama1.05	34	0.0813397	33179(74.9%)	3	1	0.412863	13709	2	0.238983	0.211518
2018-02-20-3786	pfama1.09	30	0.0717703	33179(74.9%)	3	2	0.156573	5229	2	0.238983	0.211518
2018-02-20-3787	pfama1.04	35	0.0837321	42575(93.4%)	1	0	1	42575	2	0.00184134	0.000960947
2018-02-20-3805	pfama1.02	48	0.114833	36111(89.6%)	1	0	1	36111	2	0.0048375	0.00359235
2018-02-21-3079	pfama1.15	22	0.0526316	80524(87.8%)	1	0	1	80524	2	0.00340069	0.00615379
2018-02-21-3093	pfama1.37	5	0.0119617	69124(88.9%)	2	0	0.992904	68631	2	0.0036823	0.00288639
2018-02-21-3093	pfama1.64	1	0.00239234	69124(88.9%)	2	1	0.00709631	493	2	0.0036823	0.00288639
2018-02-21-3095	pfama1.07	32	0.076555	42600(95.4%)	1	0	1	42600	2	0.000601045	0.000868169
2018-02-21-3096	pfama1.06	33	0.0789474	25644(59.6%)	4	0	0.626959	16050	2	0.267544	0.181467
2018-02-21-3096	pfama1.18	18	0.0430622	25644(59.6%)	4	1	0.25011	6493	2	0.267544	0.181467
2018-02-21-3096	pfama1.11	27	0.0645933	25644(59.6%)	4	2	0.0952353	2408	2	0.267544	0.181467
2018-02-21-3096	pfama1.16	22	0.0526316	25644(59.6%)	4	3	0.0276962	693	2	0.267544	0.181467
2018-02-21-3315	pfama1.21	12	0.0287081	48992(85%)	4	0	0.829098	40620	2	0.102775	0.0706118
2018-02-21-3315	pfama1.18	18	0.0430622	48992(85%)	4	1	0.0740352	3629	2	0.102775	0.0706118
2018-02-21-3315	pfama1.09	30	0.0717703	48992(85%)	4	2	0.0730382	3576	2	0.102775	0.0706118
2018-02-21-3315	pfama1.06	33	0.0789474	48992(85%)	4	3	0.023829	1167	2	0.102775	0.0706118
2018-02-21-3364	pfama1.20	14	0.0334928	58141(94.3%)	1	0	1	58141	2	0.00120828	0.000644538
2018-02-21-3505	pfama1.00	73	0.174641	3820(19.2%)	1	0	1	3820	2	0.0143764	0.0187249
2018-02-21-3510	pfama1.30	7	0.0167464	90831(86.1%)	1	0	1	90831	2	0.00384608	0.00510252
2018-02-21-3816	pfama1.01	58	0.138756	45401(96.5%)	1	0	1	45401	2	0	0.000188386
2018-02-21-3818	pfama1.12	25	0.0598086	71950(96.3%)	1	0	1	71950	2	0.000245653	0.0011554
2018-02-26-3164	pfama1.01	58	0.138756	55876(95.1%)	2	0	0.561032	31695	2	0.00686351	0.000607481
2018-02-26-3164	pfama1.16	22	0.0526316	55876(95.1%)	2	1	0.438968	24181	2	0.00686351	0.000607481
2018-02-27-3285	pfama1.14	23	0.0550239	72546(93.5%)	3	0	0.452492	32857	2	0.0465059	0.0499428
2018-02-27-3285	pfama1.35	6	0.0143541	72546(93.5%)	3	1	0.449649	32573	2	0.0465059	0.0499428
2018-02-27-3285	pfama1.06	33	0.0789474	72546(93.5%)	3	2	0.0978592	7116	2	0.0465059	0.0499428
2018-02-27-3523	pfama1.05	34	0.0813397	75555(88%)	1	0	1	75555	2	0.00339767	0.00437331
2018-02-27-3525	pfama1.17	20	0.0478469	81110(84.3%)	1	0	1	81110	2	0.00389135	0.008985
2018-02-27-3527	pfama1.00	73	0.174641	3011(16.2%)	1	0	1	3011	2	0.00773196	0.00821114
2018-02-28-3535	pfama1.00	73	0.174641	1848(71.7%)	2	0	0.974947	1808	2	0.0187705	0.0269058
2018-02-28-3535	pfama1.10	29	0.069378	1848(71.7%)	2	1	0.025053	40	2	0.0187705	0.0269058
2018-03-05-3541	pfama1.00	73	0.174641	8355(88.5%)	2	0	0.973276	8139	2	0.0105964	0.0113299
2018-03-05-3541	pfama1.13	25	0.0598086	8355(88.5%)	2	1	0.0267239	216	2	0.0105964	0.0113299
2018-03-05-3542	pfama1.38	5	0.0119617	69566(97.2%)	6	0	0.759373	52813	2	0.0154955	0.0100843
2018-03-05-3542	pfama1.27	9	0.0215311	69566(97.2%)	6	1	0.180897	12585	2	0.0154955	0.0100843
2018-03-05-3542	pfama1.17	20	0.0478469	69566(97.2%)	6	2	0.0286248	1987	2	0.0154955	0.0100843
2018-03-05-3542	pfama1.05	34	0.0813397	69566(97.2%)	6	3	0.0143033	1001	2	0.0154955	0.0100843
2018-03-05-3542	pfama1.06	33	0.0789474	69566(97.2%)	6	4	0.0109443	771	2	0.0154955	0.0100843
2018-03-05-3542	pfama1.19	15	0.0358852	69566(97.2%)	6	5	0.00585708	409	2	0.0154955	0.0100843
2018-03-05-3546	pfama1.00	73	0.174641	755(83.4%)	1	0	1	755	2	0.0318627	0.00804829
2018-03-06-3577	pfama1.01	58	0.138756	48176(93.7%)	1	0	1	48176	2	0.00273212	0.000428709
2018-03-06-3578	pfama1.11	27	0.0645933	40314(74%)	8	0	0.339369	13775	2	0.198475	0.22781
2018-03-06-3578	pfama1.39	5	0.0119617	40314(74%)	8	1	0.31507	12350	2	0.198475	0.22781
2018-03-06-3578	pfama1.15	22	0.0526316	40314(74%)	8	2	0.155367	6451	2	0.198475	0.22781
2018-03-06-3578	pfama1.25	10	0.0239234	40314(74%)	8	3	0.0580167	2256	2	0.198475	0.22781
2018-03-06-3578	pfama1.16	22	0.0526316	40314(74%)	8	4	0.0430932	1787	2	0.198475	0.22781
2018-03-06-3578	pfama1.14	23	0.0550239	40314(74%)	8	5	0.0414614	1724	2	0.198475	0.22781
2018-03-06-3578	pfama1.23	11	0.0263158	40314(74%)	8	6	0.0290941	1218	2	0.198475	0.22781
2018-03-06-3578	pfama1.08	31	0.0741627	40314(74%)	8	7	0.0185281	753	2	0.198475	0.22781
2018-03-06-3595	pfama1.03	47	0.11244	76991(89.5%)	1	0	1	76991	2	0.00421139	0.00175435
2018-03-07-3642	pfama1.03	47	0.11244	512(65.5%)	1	0	1	512	2	0	0.00576923
2018-03-12-3122	pfama1.00	73	0.174641	50(89.3%)	1	0	1	50	1	0	
2018-03-12-3190	pfama1.02	48	0.114833	68993(85.7%)	1	0	1	68993	2	0.00409253	0.00539621
2018-03-12-3202	pfama1.28	8	0.0191388	568(85.9%)	1	0	1	568	4	0	0
2018-03-12-3659	pfama1.15	22	0.0526316	42202(81.1%)	1	0	1	42202	2	0.0180469	0.0699407
2018-03-13-3673	pfama1.00	73	0.174641	104(57.1%)	1	0	1	104	2	0	0
2018-03-14-3728	pfama1.00	73	0.174641	1609(54.7%)	1	0	1	1609	2	0	0.0109971
2018-03-19-3746	pfama1.03	47	0.11244	61895(73.5%)	1	0	1	61895	3	0.00292022	0.0108749
2018-03-19-3747	pfama1.02	48	0.114833	73592(88.1%)	1	0	1	73592	2	0.00320212	0.00624986
2018-03-19-3761	pfama1.07	32	0.076555	40005(91.6%)	1	0	1	40005	2	0.00221365	0.00230362
2018-03-19-3766	pfama1.04	35	0.0837321	40995(89.6%)	1	0	1	40995	2	0.00227398	0.0038296
2018-03-19-3777	pfama1.17	20	0.0478469	36690(68.8%)	3	0	0.814331	30248	2	0.120735	0.187997
2018-03-19-3777	pfama1.07	32	0.076555	36690(68.8%)	3	1	0.137489	4564	2	0.120735	0.187997
2018-03-19-3777	pfama1.51	1	0.00239234	36690(68.8%)	3	2	0.0481795	1878	2	0.120735	0.187997
2018-03-20-3786	pfama1.05	34	0.0813397	118526(95.9%)	2	0	0.621564	74058	2	0.0214224	0.0302076
2018-03-20-3786	pfama1.02	48	0.114833	118526(95.9%)	2	1	0.378436	44468	2	0.0214224	0.0302076
2018-03-20-3805	pfama1.02	48	0.114833	25226(90.8%)	1	0	1	25226	2	0.00263866	0.00141074
2018-03-20-3816	pfama1.01	58	0.138756	44595(93%)	1	0	1	44595	2	0.00100284	0.00129913
2018-03-20-3818	pfama1.12	25	0.0598086	45034(92%)	1	0	1	45034	2	0.00283719	0.00161445
2018-03-21-3079	pfama1.00	73	0.174641	3042(84.3%)	2	0	0.989892	3008	2	0.0110323	0.0239214
2018-03-21-3079	pfama1.10	29	0.069378	3042(84.3%)	2	1	0.010108	34	2	0.0110323	0.0239214
2018-03-21-3095	pfama1.07	32	0.076555	41022(89.9%)	1	0	1	41022	2	0.00505733	0.00207076
2018-03-21-3096	pfama1.06	33	0.0789474	44066(92.6%)	4	0	0.566897	24980	2	0.0415697	0.0490237
2018-03-21-3096	pfama1.28	8	0.0191388	44066(92.6%)	4	1	0.40952	18046	2	0.0415697	0.0490237
2018-03-21-3096	pfama1.16	22	0.0526316	44066(92.6%)	4	2	0.0134453	593	2	0.0415697	0.0490237
2018-03-21-3096	pfama1.11	27	0.0645933	44066(92.6%)	4	3	0.0101384	447	2	0.0415697	0.0490237
2018-03-21-3315	pfama1.09	30	0.0717703	31357(98.4%)	2	0	0.95865	30045	2	0.00111427	0.000359247
2018-03-21-3315	pfama1.06	33	0.0789474	31357(98.4%)	2	1	0.0413503	1312	2	0.00111427	0.000359247
2018-03-21-3364	pfama1.20	14	0.0334928	55821(97.2%)	1	0	1	55821	2	0.000433197	6.72156e-05
2018-03-21-3505	pfama1.43	3	0.00717703	64829(90.5%)	1	0	1	64829	2	0.00132286	0.00237172
2018-03-21-3506	pfama1.00	73	0.174641	4419(86.8%)	2	0	0.982919	4367	2	0.0179533	0.0220459
2018-03-21-3506	pfama1.10	29	0.069378	4419(86.8%)	2	1	0.0170807	52	2	0.0179533	0.0220459
2018-03-21-3510	pfama1.30	7	0.0167464	45020(92%)	1	0	1	45020	2	0.0016498	0.00184731
2018-03-26-3164	pfama1.16	22	0.0526316	58478(94.1%)	2	0	0.661369	38662	2	0.00939636	0.00598343
2018-03-26-3164	pfama1.01	58	0.138756	58478(94.1%)	2	1	0.338631	19816	2	0.00939636	0.00598343
2018-03-27-3285	pfama1.06	33	0.0789474	36499(76.4%)	5	0	0.453959	16581	2	0.189904	0.214882
2018-03-27-3285	pfama1.14	23	0.0550239	36499(76.4%)	5	1	0.271978	9918	2	0.189904	0.214882
2018-03-27-3285	pfama1.02	48	0.114833	36499(76.4%)	5	2	0.123846	4521	2	0.189904	0.214882
2018-03-27-3285	pfama1.26	10	0.0239234	36499(76.4%)	5	3	0.0969465	3532	2	0.189904	0.214882
2018-03-27-3285	pfama1.35	6	0.0143541	36499(76.4%)	5	4	0.053271	1947	2	0.189904	0.214882
2018-03-27-3523	pfama1.05	34	0.0813397	69189(87.2%)	1	0	1	69189	2	0.00575638	0.000427077
2018-04-02-3542	pfama1.05	34	0.0813397	29879(94.1%)	2	0	0.990896	29605	2	0.00396913	0.00536095
2018-04-02-3542	pfama1.17	20	0.0478469	29879(94.1%)	2	1	0.00910426	274	2	0.00396913	0.00536095
2018-04-03-3604	pfama1.22	12	0.0287081	55240(83.2%)	13	0	0.265357	14656	2	0.156488	0.111788
2018-04-03-3604	pfama1.05	34	0.0813397	55240(83.2%)	13	1	0.180461	10038	2	0.156488	0.111788
2018-04-03-3604	pfama1.01	58	0.138756	55240(83.2%)	13	2	0.163551	8976	2	0.156488	0.111788
2018-04-03-3604	pfama1.02	48	0.114833	55240(83.2%)	13	3	0.113476	6229	2	0.156488	0.111788
2018-04-03-3604	pfama1.15	22	0.0526316	55240(83.2%)	13	4	0.0919541	5134	2	0.156488	0.111788
2018-04-03-3604	pfama1.34	7	0.0167464	55240(83.2%)	13	5	0.0663318	3688	2	0.156488	0.111788
2018-04-03-3604	pfama1.11	27	0.0645933	55240(83.2%)	13	6	0.0350772	1928	2	0.156488	0.111788
2018-04-03-3604	pfama1.04	35	0.0837321	55240(83.2%)	13	7	0.0222152	1222	2	0.156488	0.111788
2018-04-03-3604	pfama1.09	30	0.0717703	55240(83.2%)	13	8	0.0150201	814	2	0.156488	0.111788
2018-04-03-3604	pfama1.46	2	0.00478469	55240(83.2%)	13	9	0.0145317	795	2	0.156488	0.111788
2018-04-03-3604	pfama1.08	31	0.0741627	55240(83.2%)	13	10	0.0143198	795	2	0.156488	0.111788
2018-04-03-3604	pfama1.38	5	0.0119617	55240(83.2%)	13	11	0.0102799	554	2	0.156488	0.111788
2018-04-03-3604	pfama1.03	47	0.11244	55240(83.2%)	13	12	0.00742532	411	2	0.156488	0.111788
2018-04-23-3164	pfama1.01	58	0.138756	22131(96.7%)	1	0	1	22131	2	0	0.00024322
2018-05-01-3604	pfama1.03	47	0.11244	24155(80.8%)	9	0	0.373839	9018	2	0.162775	0.11427
2018-05-01-3604	pfama1.01	58	0.138756	24155(80.8%)	9	1	0.187368	4568	2	0.162775	0.11427
2018-05-01-3604	pfama1.12	25	0.0598086	24155(80.8%)	9	2	0.103223	2447	2	0.162775	0.11427
2018-05-01-3604	pfama1.22	12	0.0287081	24155(80.8%)	9	3	0.0994359	2414	2	0.162775	0.11427
2018-05-01-3604	pfama1.08	31	0.0741627	24155(80.8%)	9	4	0.0796972	1933	2	0.162775	0.11427
2018-05-01-3604	pfama1.11	27	0.0645933	24155(80.8%)	9	5	0.0677692	1660	2	0.162775	0.11427
2018-05-01-3604	pfama1.18	18	0.0430622	24155(80.8%)	9	6	0.0409075	987	2	0.162775	0.11427
2018-05-01-3604	pfama1.46	2	0.00478469	24155(80.8%)	9	7	0.035192	822	2	0.162775	0.11427
2018-05-01-3604	pfama1.24	11	0.0263158	24155(80.8%)	9	8	0.0125674	306	2	0.162775	0.11427
2018-05-21-3808	pfama1.01	58	0.138756	15382(71.6%)	4	0	0.453911	6985	2	0.265321	0.26391
2018-05-21-3808	pfama1.27	9	0.0215311	15382(71.6%)	4	1	0.302756	4655	2	0.265321	0.26391
2018-05-21-3808	pfama1.09	30	0.0717703	15382(71.6%)	4	2	0.175093	2693	2	0.265321	0.26391
2018-05-21-3808	pfama1.14	23	0.0550239	15382(71.6%)	4	3	0.0682392	1049	2	0.265321	0.26391
2018-05-28-3393	pfama1.04	35	0.0837321	56769(98.3%)	1	0	1	56769	2	0.0000478709	0.000313205
2018-06-07-3782	pfama1.16	22	0.0526316	33009(89.6%)	5	0	0.799851	26393	2	0.0826658	0.0535133
2018-06-07-3782	pfama1.12	25	0.0598086	33009(89.6%)	5	1	0.152864	5051	2	0.0826658	0.0535133
2018-06-07-3782	pfama1.03	47	0.11244	33009(89.6%)	5	2	0.0249901	843	2	0.0826658	0.0535133
2018-06-07-3782	pfama1.04	35	0.0837321	33009(89.6%)	5	3	0.0139396	475	2	0.0826658	0.0535133
2018-06-07-3782	pfama1.22	12	0.0287081	33009(89.6%)	5	4	0.00835495	247	2	0.0826658	0.0535133
2018-06-13-3081	pfama1.02	48	0.114833	3867(94%)	1	0	1	3867	2	0.000790514	0
2018-06-19-3285	pfama1.02	48	0.114833	81(100%)	2	0	0.82716	67	1	0	
2018-06-19-3285	pfama1.03	47	0.11244	81(100%)	2	1	0.17284	14	1	0	
2018-06-20-3555	pfama1.11	27	0.0645933	66198(76.8%)	2	0	0.819574	54137	2	0.224571	0.221335
2018-06-20-3555	pfama1.15	22	0.0526316	66198(76.8%)	2	1	0.180426	12061	2	0.224571	0.221335
2018-06-25-3570	pfama1.01	58	0.138756	5390(98.6%)	1	0	1	5390	2	0	0
2018-06-25-3685	pfama1.08	31	0.0741627	37723(97.7%)	1	0	1	37723	2	0	0.000130907
2018-06-26-3604	pfama1.03	47	0.11244	11233(82.6%)	12	0	0.246943	2783	2	0.123945	0.0860781
2018-06-26-3604	pfama1.01	58	0.138756	11233(82.6%)	12	1	0.199207	2243	2	0.123945	0.0860781
2018-06-26-3604	pfama1.34	7	0.0167464	11233(82.6%)	12	2	0.156381	1753	2	0.123945	0.0860781
2018-06-26-3604	pfama1.16	22	0.0526316	11233(82.6%)	12	3	0.134488	1517	2	0.123945	0.0860781
2018-06-26-3604	pfama1.24	11	0.0263158	11233(82.6%)	12	4	0.0674869	753	2	0.123945	0.0860781
2018-06-26-3604	pfama1.05	34	0.0813397	11233(82.6%)	12	5	0.0378155	419	2	0.123945	0.0860781
2018-06-26-3604	pfama1.06	33	0.0789474	11233(82.6%)	12	6	0.0354719	395	2	0.123945	0.0860781
2018-06-26-3604	pfama1.22	12	0.0287081	11233(82.6%)	12	7	0.03523	389	2	0.123945	0.0860781
2018-06-26-3604	pfama1.14	23	0.0550239	11233(82.6%)	12	8	0.0268162	300	2	0.123945	0.0860781
2018-06-26-3604	pfama1.02	48	0.114833	11233(82.6%)	12	9	0.0263724	300	2	0.123945	0.0860781
2018-06-26-3604	pfama1.08	31	0.0741627	11233(82.6%)	12	10	0.0214168	241	2	0.123945	0.0860781
2018-06-26-3604	pfama1.38	5	0.0119617	11233(82.6%)	12	11	0.0123712	140	2	0.123945	0.0860781
2018-06-26-3825	pfama1.01	58	0.138756	24652(97.9%)	1	0	1	24652	2	0	0
2018-06-30-3046	pfama1.21	12	0.0287081	55257(98.9%)	1	0	1	55257	2	0.0000541126	0.00010591
2018-07-11-3081	pfama1.02	48	0.114833	34042(96.7%)	1	0	1	34042	2	0	0
2018-07-11-3364	pfama1.20	14	0.0334928	9998(95.3%)	1	0	1	9998	2	0.000927429	0.000323887
2018-07-15-3149	pfama1.04	35	0.0837321	40326(99.1%)	1	0	1	40326	2	0	0.00011423
2018-07-19-3441	pfama1.09	30	0.0717703	32421(73.6%)	3	0	0.420939	13617	2	0.253399	0.234495
2018-07-19-3441	pfama1.04	35	0.0837321	32421(73.6%)	3	1	0.397417	12899	2	0.253399	0.234495
2018-07-19-3441	pfama1.08	31	0.0741627	32421(73.6%)	3	2	0.181644	5905	2	0.253399	0.234495
2018-08-01-3720	pfama1.01	58	0.138756	65064(95.5%)	2	0	0.961322	62548	2	0.0204871	0.022154
2018-08-01-3720	pfama1.02	48	0.114833	65064(95.5%)	2	1	0.038678	2516	2	0.0204871	0.022154
2018-08-14-3285	pfama1.35	6	0.0143541	2156(94.9%)	4	0	0.723323	1544	2	0.00184077	0
2018-08-14-3285	pfama1.02	48	0.114833	2156(94.9%)	4	1	0.157452	459	2	0.00184077	0
2018-08-14-3285	pfama1.03	47	0.11244	2156(94.9%)	4	2	0.0845882	116	2	0.00184077	0
2018-08-14-3285	pfama1.14	23	0.0550239	2156(94.9%)	4	3	0.0346374	37	2	0.00184077	0
2018-08-20-3570	pfama1.01	58	0.138756	62424(97.7%)	1	0	1	62424	2	0	0
2018-08-22-3629	pfama1.08	31	0.0741627	60021(97.9%)	1	0	1	60021	2	0.0000924086	0.000221631
2018-08-23-3081	pfama1.02	48	0.114833	7(100%)	1	0	1	7	1	0	
ctrl-38x-7C1-10K-PR2-012	pfama1.17	20	0.0478469	25499(97.4%)	7	0	0.612229	15776	2	0.00872126	0.0143532
ctrl-38x-7C1-10K-PR2-012	pfama1.05	34	0.0813397	25499(97.4%)	7	1	0.0868948	2167	2	0.00872126	0.0143532
ctrl-38x-7C1-10K-PR2-012	pfama1.24	11	0.0263158	25499(97.4%)	7	2	0.0827603	2060	2	0.00872126	0.0143532
ctrl-38x-7C1-10K-PR2-012	pfama1.09	30	0.0717703	25499(97.4%)	7	3	0.0781547	1962	2	0.00872126	0.0143532
ctrl-38x-7C1-10K-PR2-012	pfama1.19	15	0.0358852	25499(97.4%)	7	4	0.0524643	1317	2	0.00872126	0.0143532
ctrl-38x-7C1-10K-PR2-012	pfama1.04	35	0.0837321	25499(97.4%)	7	5	0.0480982	1229	2	0.00872126	0.0143532
ctrl-38x-7C1-10K-PR2-012	pfama1.40	5	0.0119617	25499(97.4%)	7	6	0.0393982	988	2	0.00872126	0.0143532
ctrl-38x-7C1-1K-PR2-012	pfama1.17	20	0.0478469	8696(94.4%)	7	0	0.446598	4261	2	0.0017452	0.00534117
ctrl-38x-7C1-1K-PR2-012	pfama1.19	15	0.0358852	8696(94.4%)	7	1	0.129398	809	2	0.0017452	0.00534117
ctrl-38x-7C1-1K-PR2-012	pfama1.24	11	0.0263158	8696(94.4%)	7	2	0.120204	889	2	0.0017452	0.00534117
ctrl-38x-7C1-1K-PR2-012	pfama1.09	30	0.0717703	8696(94.4%)	7	3	0.0964362	800	2	0.0017452	0.00534117
ctrl-38x-7C1-1K-PR2-012	pfama1.05	34	0.0813397	8696(94.4%)	7	4	0.0869923	873	2	0.0017452	0.00534117
ctrl-38x-7C1-1K-PR2-012	pfama1.04	35	0.0837321	8696(94.4%)	7	5	0.0759789	651	2	0.0017452	0.00534117
ctrl-38x-7C1-1K-PR2-012	pfama1.40	5	0.0119617	8696(94.4%)	7	6	0.0443936	413	2	0.0017452	0.00534117
ctrl-38x-7C3-10k-PR2-012	pfama1.17	20	0.0478469	21713(97.6%)	7	0	0.903671	19641	2	0.00588145	0.00393357
ctrl-38x-7C3-10k-PR2-012	pfama1.05	34	0.0813397	21713(97.6%)	7	1	0.0226551	490	2	0.00588145	0.00393357
ctrl-38x-7C3-10k-PR2-012	pfama1.09	30	0.0717703	21713(97.6%)	7	2	0.0214607	455	2	0.00588145	0.00393357
ctrl-38x-7C3-10k-PR2-012	pfama1.24	11	0.0263158	21713(97.6%)	7	3	0.0205122	443	2	0.00588145	0.00393357
ctrl-38x-7C3-10k-PR2-012	pfama1.04	35	0.0837321	21713(97.6%)	7	4	0.0111945	235	2	0.00588145	0.00393357
ctrl-38x-7C3-10k-PR2-012	pfama1.40	5	0.0119617	21713(97.6%)	7	5	0.0108362	239	2	0.00588145	0.00393357
ctrl-38x-7C3-10k-PR2-012	pfama1.19	15	0.0358852	21713(97.6%)	7	6	0.00967013	210	2	0.00588145	0.00393357
ctrl-38x-7C3-1k-PR2-012	pfama1.17	20	0.0478469	2185(93.1%)	5	0	0.897518	1970	2	0	0.00526316
ctrl-38x-7C3-1k-PR2-012	pfama1.24	11	0.0263158	2185(93.1%)	5	1	0.0404154	82	2	0	0.00526316
ctrl-38x-7C3-1k-PR2-012	pfama1.05	34	0.0813397	2185(93.1%)	5	2	0.0334581	71	2	0	0.00526316
ctrl-38x-7C3-1k-PR2-012	pfama1.09	30	0.0717703	2185(93.1%)	5	3	0.0161697	37	2	0	0.00526316
ctrl-38x-7C3-1k-PR2-012	pfama1.19	15	0.0358852	2185(93.1%)	5	4	0.0124392	25	2	0	0.00526316
ctrl-38x-DS6-10k-PR2-012	pfama1.19	15	0.0358852	26227(98%)	2	0	0.984273	25815	2	0.00327001	0.00100669
ctrl-38x-DS6-10k-PR2-012	pfama1.09	30	0.0717703	26227(98%)	2	1	0.0157266	412	2	0.00327001	0.00100669
ctrl-38x-DS6-1k-PR2-012	pfama1.19	15	0.0358852	18372(95.9%)	2	0	0.98743	18152	2	0.000910747	0.00110038
ctrl-38x-DS6-1k-PR2-012	pfama1.09	30	0.0717703	18372(95.9%)	2	1	0.0125697	220	2	0.000910747	0.00110038
ctrl-38x-QS5-10k-PR2-012	pfama1.24	11	0.0263158	42540(88.6%)	5	0	0.490981	20774	2	0.105444	0.0799411
ctrl-38x-QS5-10k-PR2-012	pfama1.05	34	0.0813397	42540(88.6%)	5	1	0.290248	12459	2	0.105444	0.0799411
ctrl-38x-QS5-10k-PR2-012	pfama1.19	15	0.0358852	42540(88.6%)	5	2	0.10565	4485	2	0.105444	0.0799411
ctrl-38x-QS5-10k-PR2-012	pfama1.09	30	0.0717703	42540(88.6%)	5	3	0.0578071	2461	2	0.105444	0.0799411
ctrl-38x-QS5-10k-PR2-012	pfama1.40	5	0.0119617	42540(88.6%)	5	4	0.0553134	2361	2	0.105444	0.0799411
ctrl-38x-QS5-1k-PR2-012	pfama1.24	11	0.0263158	3288(97.6%)	5	0	0.410993	1519	2	0.00223001	0
ctrl-38x-QS5-1k-PR2-012	pfama1.05	34	0.0813397	3288(97.6%)	5	1	0.311037	792	2	0.00223001	0
ctrl-38x-QS5-1k-PR2-012	pfama1.09	30	0.0717703	3288(97.6%)	5	2	0.127659	384	2	0.00223001	0
ctrl-38x-QS5-1k-PR2-012	pfama1.19	15	0.0358852	3288(97.6%)	5	3	0.0831699	332	2	0.00223001	0
ctrl-38x-QS5-1k-PR2-012	pfama1.40	5	0.0119617	3288(97.6%)	5	4	0.0671413	261	2	0.00223001	0
