s_Sample	h_popUID	h_SampCnt	h_SampFrac	s_ReadCntTotUsed	s_COI	c_clusterID	c_AveragedFrac	c_ReadCnt	c_RepCnt
2017-10-04-3079	pfama1.012	22	0.0564103	20486(95.8%)	1	0	1	20486	2
2017-10-04-3093	pfama1.033	5	0.0128205	26303(97%)	1	0	1	26303	2
2017-10-04-3096	pfama1.026	8	0.0205128	70337(98.5%)	5	0	0.559982	39339	2
2017-10-04-3096	pfama1.006	34	0.0871795	70337(98.5%)	5	1	0.321995	22668	2
2017-10-04-3096	pfama1.025	8	0.0205128	70337(98.5%)	5	2	0.0518509	3635	2
2017-10-04-3096	pfama1.009	28	0.0717949	70337(98.5%)	5	3	0.0501231	3540	2
2017-10-04-3096	pfama1.015	20	0.0512821	70337(98.5%)	5	4	0.0160496	1155	2
2017-10-04-3313	pfama1.003	40	0.102564	24645(97%)	1	0	1	24645	2
2017-10-04-3315	pfama1.019	12	0.0307692	38549(85.6%)	3	0	0.638905	24896	2
2017-10-04-3315	pfama1.006	34	0.0871795	38549(85.6%)	3	1	0.245068	9385	2
2017-10-04-3315	pfama1.008	32	0.0820513	38549(85.6%)	3	2	0.116028	4268	2
2017-10-04-3364	pfama1.016	16	0.0410256	9274(99.1%)	1	0	1	9274	2
2017-10-04-3510	pfama1.025	8	0.0205128	62120(72.5%)	1	0	1	62120	3
2017-10-09-3001	pfama1.003	40	0.102564	93965(91.4%)	1	0	1	93965	2
2017-10-09-3162	pfama1.041	2	0.00512821	10946(88%)	4	0	0.982459	10754	1
2017-10-09-3162	pfama1.142	1	0.0025641	10946(88%)	4	1	0.00584688	64	1
2017-10-09-3162	pfama1.143	1	0.0025641	10946(88%)	4	2	0.00584688	64	1
2017-10-09-3162	pfama1.144	1	0.0025641	10946(88%)	4	3	0.00584688	64	1
2017-10-09-3163	pfama1.001	53	0.135897	104185(95.6%)	3	0	0.595148	62030	2
2017-10-09-3163	pfama1.000	64	0.164103	104185(95.6%)	3	1	0.348147	36207	2
2017-10-09-3163	pfama1.015	20	0.0512821	104185(95.6%)	3	2	0.0567045	5948	2
2017-10-09-3164	pfama1.000	64	0.164103	52493(97.4%)	2	0	0.893264	46953	2
2017-10-09-3164	pfama1.013	22	0.0564103	52493(97.4%)	2	1	0.106736	5540	2
2017-10-10-3284	pfama1.012	22	0.0564103	40673(80.3%)	2	0	0.733024	29830	2
2017-10-10-3284	pfama1.006	34	0.0871795	40673(80.3%)	2	1	0.266976	10843	2
2017-10-10-3285	pfama1.006	34	0.0871795	70394(97.4%)	5	0	0.641831	45168	2
2017-10-10-3285	pfama1.002	50	0.128205	70394(97.4%)	5	1	0.259508	18277	2
2017-10-10-3285	pfama1.039	4	0.0102564	70394(97.4%)	5	2	0.0434652	3062	2
2017-10-10-3285	pfama1.011	24	0.0615385	70394(97.4%)	5	3	0.0276296	1947	2
2017-10-10-3285	pfama1.023	10	0.025641	70394(97.4%)	5	4	0.0275663	1940	2
2017-10-10-3523	pfama1.004	38	0.0974359	56906(94.9%)	1	0	1	56906	2
2017-10-11-3236	pfama1.013	22	0.0564103	71121(89.4%)	1	0	1	71121	2
2017-10-11-3336	pfama1.048	1	0.0025641	4(100%)	1	0	1	4	1
2017-10-11-3529	pfama1.016	16	0.0410256	10550(87.2%)	6	0	0.946066	9981	1
2017-10-11-3529	pfama1.068	1	0.0025641	10550(87.2%)	6	1	0.0272986	288	1
2017-10-11-3529	pfama1.119	1	0.0025641	10550(87.2%)	6	2	0.00739336	78	1
2017-10-11-3529	pfama1.120	1	0.0025641	10550(87.2%)	6	3	0.00729858	77	1
2017-10-11-3529	pfama1.136	1	0.0025641	10550(87.2%)	6	4	0.00616114	65	1
2017-10-11-3529	pfama1.146	1	0.0025641	10550(87.2%)	6	5	0.00578199	61	1
2017-10-11-3530	pfama1.017	15	0.0384615	44204(93.8%)	1	0	1	44204	2
2017-10-16-3540	pfama1.006	34	0.0871795	60029(98.3%)	1	0	1	60029	2
2017-10-16-3541	pfama1.011	24	0.0615385	42587(92.7%)	1	0	1	42587	2
2017-10-16-3542	pfama1.002	50	0.128205	48118(97.7%)	5	0	0.787035	38004	2
2017-10-16-3542	pfama1.006	34	0.0871795	48118(97.7%)	5	1	0.144404	6804	2
2017-10-16-3542	pfama1.018	15	0.0384615	48118(97.7%)	5	2	0.0506719	2397	2
2017-10-16-3542	pfama1.000	64	0.164103	48118(97.7%)	5	3	0.00966929	495	2
2017-10-16-3542	pfama1.014	20	0.0512821	48118(97.7%)	5	4	0.00821958	418	2
2017-10-16-3546	pfama1.010	27	0.0692308	45837(96.7%)	1	0	1	45837	2
2017-10-16-3547	pfama1.007	33	0.0846154	29111(80.2%)	2	0	0.993123	28914	2
2017-10-16-3547	pfama1.045	2	0.00512821	29111(80.2%)	2	1	0.00687711	197	2
2017-10-16-3549	pfama1.010	27	0.0692308	46591(91.9%)	1	0	1	46591	2
2017-10-16-3557	pfama1.020	11	0.0282051	47808(95.5%)	1	0	1	47808	2
2017-10-17-3575	pfama1.000	64	0.164103	14129(84.8%)	5	0	0.793616	11213	1
2017-10-17-3575	pfama1.051	1	0.0025641	14129(84.8%)	5	1	0.156699	2214	1
2017-10-17-3575	pfama1.066	1	0.0025641	14129(84.8%)	5	2	0.0285229	403	1
2017-10-17-3575	pfama1.081	1	0.0025641	14129(84.8%)	5	3	0.0144384	204	1
2017-10-17-3575	pfama1.129	1	0.0025641	14129(84.8%)	5	4	0.00672376	95	1
2017-10-17-3577	pfama1.000	64	0.164103	43734(94.3%)	1	0	1	43734	2
2017-10-17-3578	pfama1.009	28	0.0717949	36851(77.2%)	9	0	0.331179	11874	2
2017-10-17-3578	pfama1.040	3	0.00769231	36851(77.2%)	9	1	0.218144	8027	2
2017-10-17-3578	pfama1.013	22	0.0564103	36851(77.2%)	9	2	0.173125	6761	2
2017-10-17-3578	pfama1.005	34	0.0871795	36851(77.2%)	9	3	0.0638772	2140	2
2017-10-17-3578	pfama1.037	5	0.0128205	36851(77.2%)	9	4	0.0634907	2420	2
2017-10-17-3578	pfama1.029	7	0.0179487	36851(77.2%)	9	5	0.061362	2198	2
2017-10-17-3578	pfama1.007	33	0.0846154	36851(77.2%)	9	6	0.0537154	1970	2
2017-10-17-3578	pfama1.012	22	0.0564103	36851(77.2%)	9	7	0.0248598	1053	2
2017-10-17-3578	pfama1.022	10	0.025641	36851(77.2%)	9	8	0.0102467	408	2
2017-10-17-3579	pfama1.032	5	0.0128205	78912(89.9%)	1	0	1	78912	2
2017-10-17-3580	pfama1.006	34	0.0871795	54369(94.3%)	2	0	0.986624	53618	2
2017-10-17-3580	pfama1.007	33	0.0846154	54369(94.3%)	2	1	0.0133756	751	2
2017-10-17-3595	pfama1.001	53	0.135897	11716(81.5%)	5	0	0.879822	10308	1
2017-10-17-3595	pfama1.054	1	0.0025641	11716(81.5%)	5	1	0.0770741	903	1
2017-10-17-3595	pfama1.069	1	0.0025641	11716(81.5%)	5	2	0.0235575	276	1
2017-10-17-3595	pfama1.094	1	0.0025641	11716(81.5%)	5	3	0.0116081	136	1
2017-10-17-3595	pfama1.044	2	0.00512821	11716(81.5%)	5	4	0.00793786	93	1
2017-10-17-3602	pfama1.017	15	0.0384615	57590(97.4%)	5	0	0.821511	46680	2
2017-10-17-3602	pfama1.005	34	0.0871795	57590(97.4%)	5	1	0.107886	6883	2
2017-10-17-3602	pfama1.023	10	0.025641	57590(97.4%)	5	2	0.0305353	1842	2
2017-10-17-3602	pfama1.000	64	0.164103	57590(97.4%)	5	3	0.0268049	1521	2
2017-10-17-3602	pfama1.007	33	0.0846154	57590(97.4%)	5	4	0.013263	664	2
2017-10-17-3604	pfama1.014	20	0.0512821	41548(67.5%)	4	0	0.3381	23462	2
2017-10-17-3604	pfama1.007	33	0.0846154	41548(67.5%)	4	1	0.320759	9349	2
2017-10-17-3604	pfama1.017	15	0.0384615	41548(67.5%)	4	2	0.235079	6844	2
2017-10-17-3604	pfama1.010	27	0.0692308	41548(67.5%)	4	3	0.106062	1893	2
2017-10-17-3612	pfama1.009	28	0.0717949	145498(95.7%)	4	0	0.943133	137167	2
2017-10-17-3612	pfama1.001	53	0.135897	145498(95.7%)	4	1	0.0263349	3879	2
2017-10-17-3612	pfama1.000	64	0.164103	145498(95.7%)	4	2	0.0240086	3508	2
2017-10-17-3612	pfama1.005	34	0.0871795	145498(95.7%)	4	3	0.00652378	944	2
2017-10-17-3614	pfama1.001	53	0.135897	39558(86.4%)	2	0	0.959089	37963	2
2017-10-17-3614	pfama1.040	3	0.00769231	39558(86.4%)	2	1	0.0409115	1595	2
2017-10-17-3615	pfama1.005	34	0.0871795	52094(96%)	1	0	1	52094	2
2017-10-17-3616	pfama1.001	53	0.135897	45899(95.5%)	1	0	1	45899	2
2017-10-17-3617	pfama1.007	33	0.0846154	59227(95.4%)	1	0	1	59227	2
2017-10-18-3627	pfama1.006	34	0.0871795	10977(83.4%)	5	0	0.967113	10616	1
2017-10-18-3627	pfama1.083	1	0.0025641	10977(83.4%)	5	1	0.0133005	146	1
2017-10-18-3627	pfama1.126	1	0.0025641	10977(83.4%)	5	2	0.00683247	75	1
2017-10-18-3627	pfama1.125	1	0.0025641	10977(83.4%)	5	3	0.00683247	75	1
2017-10-18-3627	pfama1.141	1	0.0025641	10977(83.4%)	5	4	0.00592147	65	1
2017-10-18-3630	pfama1.008	32	0.0820513	54680(96.3%)	1	0	1	54680	2
2017-10-18-3642	pfama1.001	53	0.135897	70052(92.2%)	1	0	1	70052	3
2017-10-23-3122	pfama1.002	50	0.128205	26834(84%)	1	0	1	26834	2
2017-10-23-3154	pfama1.000	64	0.164103	124119(98.4%)	1	0	1	124119	2
2017-10-23-3190	pfama1.002	50	0.128205	44041(93.1%)	1	0	1	44041	2
2017-10-23-3202	pfama1.027	7	0.0179487	35434(81.4%)	3	0	0.570189	20323	2
2017-10-23-3202	pfama1.028	7	0.0179487	35434(81.4%)	3	1	0.310949	10978	2
2017-10-23-3202	pfama1.026	8	0.0205128	35434(81.4%)	3	2	0.118863	4133	2
2017-10-23-3205	pfama1.028	7	0.0179487	54222(92.2%)	2	0	0.767131	41506	2
2017-10-23-3205	pfama1.027	7	0.0179487	54222(92.2%)	2	1	0.232869	12716	2
2017-10-23-3649	pfama1.000	64	0.164103	350(84.7%)	1	0	1	350	2
2017-10-23-3659	pfama1.018	15	0.0384615	63168(75.6%)	2	0	0.533602	34062	2
2017-10-23-3659	pfama1.012	22	0.0564103	63168(75.6%)	2	1	0.466398	29106	2
2017-10-23-3665	pfama1.001	53	0.135897	71529(94.1%)	1	0	1	71529	2
2017-10-24-3672	pfama1.024	9	0.0230769	11(100%)	1	0	1	11	1
2017-10-24-3673	pfama1.010	27	0.0692308	34716(75.1%)	2	0	0.687166	23422	2
2017-10-24-3673	pfama1.005	34	0.0871795	34716(75.1%)	2	1	0.312834	11294	2
2017-10-24-3677	pfama1.001	53	0.135897	36293(85%)	3	0	0.621633	22562	2
2017-10-24-3677	pfama1.019	12	0.0307692	36293(85%)	3	1	0.254805	9247	2
2017-10-24-3677	pfama1.014	20	0.0512821	36293(85%)	3	2	0.123562	4484	2
2017-10-24-3684	pfama1.014	20	0.0512821	25054(89.2%)	1	0	1	25054	3
2017-10-24-3685	pfama1.029	7	0.0179487	2782(97%)	2	0	0.891935	2477	2
2017-10-24-3685	pfama1.030	7	0.0179487	2782(97%)	2	1	0.108065	305	2
2017-10-25-3708	pfama1.005	34	0.0871795	125585(98.4%)	1	0	1	125585	2
2017-10-25-3709	pfama1.015	20	0.0512821	20229(98.9%)	1	0	1	20229	2
2017-10-25-3713	pfama1.022	10	0.025641	25537(94.7%)	1	0	1	25537	4
2017-10-25-3714	pfama1.004	38	0.0974359	30255(97.7%)	2	0	0.989931	29927	2
2017-10-25-3714	pfama1.011	24	0.0615385	30255(97.7%)	2	1	0.0100686	328	2
2017-10-25-3718	pfama1.009	28	0.0717949	92908(91.5%)	1	0	1	92908	2
2017-10-25-3719	pfama1.005	34	0.0871795	89326(98%)	2	0	0.859664	77938	2
2017-10-25-3719	pfama1.016	16	0.0410256	89326(98%)	2	1	0.140336	11388	2
2017-10-25-3720	pfama1.006	34	0.0871795	112486(97.9%)	3	0	0.45944	51605	2
2017-10-25-3720	pfama1.016	16	0.0410256	112486(97.9%)	3	1	0.457589	51512	2
2017-10-25-3720	pfama1.002	50	0.128205	112486(97.9%)	3	2	0.0829709	9369	2
2017-10-25-3728	pfama1.004	38	0.0974359	50928(89.9%)	1	0	1	50928	4
2017-10-30-3746	pfama1.009	28	0.0717949	70041(89.5%)	2	0	0.826212	57854	2
2017-10-30-3746	pfama1.001	53	0.135897	70041(89.5%)	2	1	0.173788	12187	2
2017-10-30-3747	pfama1.002	50	0.128205	51636(90.7%)	1	0	1	51636	2
2017-10-30-3761	pfama1.007	33	0.0846154	193315(98.7%)	1	0	1	193315	2
2017-10-30-3762	pfama1.008	32	0.0820513	15123(81.7%)	7	0	0.940819	14228	1
2017-10-30-3762	pfama1.074	1	0.0025641	15123(81.7%)	7	1	0.0199696	302	1
2017-10-30-3762	pfama1.106	1	0.0025641	15123(81.7%)	7	2	0.00826556	125	1
2017-10-30-3762	pfama1.108	1	0.0025641	15123(81.7%)	7	3	0.00800106	121	1
2017-10-30-3762	pfama1.113	1	0.0025641	15123(81.7%)	7	4	0.00773656	117	1
2017-10-30-3762	pfama1.114	1	0.0025641	15123(81.7%)	7	5	0.00767044	116	1
2017-10-30-3762	pfama1.116	1	0.0025641	15123(81.7%)	7	6	0.00753819	114	1
2017-10-30-3766	pfama1.003	40	0.102564	39266(94.7%)	1	0	1	39266	2
2017-10-30-3773	pfama1.003	40	0.102564	146600(81.7%)	2	0	0.723303	106351	2
2017-10-30-3773	pfama1.008	32	0.0820513	146600(81.7%)	2	1	0.276697	40249	2
2017-10-30-3777	pfama1.007	33	0.0846154	39214(85%)	1	0	1	39214	2
2017-10-31-3785	pfama1.035	5	0.0128205	79561(89.7%)	1	0	1	79561	2
2017-10-31-3786	pfama1.003	40	0.102564	29499(98.3%)	5	0	0.683628	20173	2
2017-10-31-3786	pfama1.002	50	0.128205	29499(98.3%)	5	1	0.169673	4991	2
2017-10-31-3786	pfama1.008	32	0.0820513	29499(98.3%)	5	2	0.0785999	2317	2
2017-10-31-3786	pfama1.004	38	0.0974359	29499(98.3%)	5	3	0.043571	1295	2
2017-10-31-3786	pfama1.005	34	0.0871795	29499(98.3%)	5	4	0.0245278	723	2
2017-10-31-3787	pfama1.003	40	0.102564	75820(89.4%)	1	0	1	75820	2
2017-10-31-3805	pfama1.002	50	0.128205	37907(96.7%)	1	0	1	37907	2
2017-10-31-3816	pfama1.000	64	0.164103	13100(98%)	1	0	1	13100	2
2017-10-31-3818	pfama1.010	27	0.0692308	45025(98.6%)	1	0	1	45025	2
2017-11-01-3079	pfama1.012	22	0.0564103	59388(96.3%)	1	0	1	59388	2
2017-11-01-3093	pfama1.033	5	0.0128205	61649(86.5%)	1	0	1	61649	3
2017-11-01-3096	pfama1.006	34	0.0871795	9069(98.8%)	5	0	0.508215	4609	1
2017-11-01-3096	pfama1.026	8	0.0205128	9069(98.8%)	5	1	0.413607	3751	1
2017-11-01-3096	pfama1.015	20	0.0512821	9069(98.8%)	5	2	0.0309847	281	1
2017-11-01-3096	pfama1.009	28	0.0717949	9069(98.8%)	5	3	0.0292204	265	1
2017-11-01-3096	pfama1.013	22	0.0564103	9069(98.8%)	5	4	0.0179733	163	1
2017-11-01-3313	pfama1.003	40	0.102564	10334(93.8%)	1	0	1	10334	2
2017-11-01-3364	pfama1.016	16	0.0410256	73308(93.6%)	1	0	1	73308	2
2017-11-01-3505	pfama1.034	5	0.0128205	5757(87.4%)	1	0	1	5757	4
2017-11-01-3510	pfama1.025	8	0.0205128	33953(88.7%)	1	0	1	33953	2
2017-11-01-3773	pfama1.008	32	0.0820513	128842(80.3%)	2	0	0.504687	65042	2
2017-11-01-3773	pfama1.003	40	0.102564	128842(80.3%)	2	1	0.495313	63800	2
2017-11-06-3001	pfama1.003	40	0.102564	18724(84.8%)	1	0	1	18724	2
2017-11-06-3055	pfama1.003	40	0.102564	29(85.3%)	1	0	1	29	1
2017-11-06-3162	pfama1.041	2	0.00512821	15071(86.2%)	1	0	1	15071	2
2017-11-06-3163	pfama1.001	53	0.135897	77350(98.3%)	1	0	1	77350	2
2017-11-06-3164	pfama1.013	22	0.0564103	83274(99.4%)	2	0	0.951412	78996	2
2017-11-06-3164	pfama1.000	64	0.164103	83274(99.4%)	2	1	0.0485877	4278	2
2017-11-07-3284	pfama1.006	34	0.0871795	35375(97%)	2	0	0.932424	32305	2
2017-11-07-3284	pfama1.023	10	0.025641	35375(97%)	2	1	0.0675764	3070	2
2017-11-07-3285	pfama1.011	24	0.0615385	29(96.7%)	2	0	0.62069	18	1
2017-11-07-3285	pfama1.006	34	0.0871795	29(96.7%)	2	1	0.37931	11	1
2017-11-07-3523	pfama1.004	38	0.0974359	30387(97.3%)	1	0	1	30387	2
2017-11-07-3527	pfama1.001	53	0.135897	657(83.7%)	1	0	1	657	4
2017-11-08-3336	pfama1.005	34	0.0871795	18775(96%)	1	0	1	18775	4
2017-11-08-3529	pfama1.016	16	0.0410256	355(81.6%)	1	0	1	355	4
2017-11-13-3541	pfama1.011	24	0.0615385	66959(93.8%)	1	0	1	66959	2
2017-11-13-3542	pfama1.000	64	0.164103	94(83.2%)	2	0	0.580483	54	2
2017-11-13-3542	pfama1.024	9	0.0230769	94(83.2%)	2	1	0.419517	40	2
2017-11-13-3547	pfama1.007	33	0.0846154	31579(95%)	1	0	1	31579	2
2017-11-13-3557	pfama1.020	11	0.0282051	119407(99.5%)	1	0	1	119407	2
2017-11-13-3602	pfama1.000	64	0.164103	5055(96.2%)	7	0	0.348309	1745	2
2017-11-13-3602	pfama1.017	15	0.0384615	5055(96.2%)	7	1	0.316032	1590	2
2017-11-13-3602	pfama1.020	11	0.0282051	5055(96.2%)	7	2	0.130212	652	2
2017-11-13-3602	pfama1.007	33	0.0846154	5055(96.2%)	7	3	0.129837	680	2
2017-11-13-3602	pfama1.023	10	0.025641	5055(96.2%)	7	4	0.0332024	173	2
2017-11-13-3602	pfama1.001	53	0.135897	5055(96.2%)	7	5	0.0222352	112	2
2017-11-13-3602	pfama1.005	34	0.0871795	5055(96.2%)	7	6	0.0201722	103	2
2017-11-13-3604	pfama1.013	22	0.0564103	4366(52.8%)	3	0	0.512869	1864	2
2017-11-13-3604	pfama1.010	27	0.0692308	4366(52.8%)	3	1	0.340667	1806	2
2017-11-13-3604	pfama1.002	50	0.128205	4366(52.8%)	3	2	0.146464	696	2
2017-11-13-3719	pfama1.016	16	0.0410256	44534(99.2%)	2	0	0.957328	42394	2
2017-11-13-3719	pfama1.005	34	0.0871795	44534(99.2%)	2	1	0.0426723	2140	2
2017-11-14-3578	pfama1.020	11	0.0282051	4084(95%)	8	0	0.333149	1353	2
2017-11-14-3578	pfama1.012	22	0.0564103	4084(95%)	8	1	0.207364	860	2
2017-11-14-3578	pfama1.009	28	0.0717949	4084(95%)	8	2	0.194251	792	2
2017-11-14-3578	pfama1.037	5	0.0128205	4084(95%)	8	3	0.111269	447	2
2017-11-14-3578	pfama1.022	10	0.025641	4084(95%)	8	4	0.0734984	299	2
2017-11-14-3578	pfama1.013	22	0.0564103	4084(95%)	8	5	0.0496206	205	2
2017-11-14-3578	pfama1.011	24	0.0615385	4084(95%)	8	6	0.0195558	80	2
2017-11-14-3578	pfama1.007	33	0.0846154	4084(95%)	8	7	0.0112922	48	2
2017-11-14-3579	pfama1.032	5	0.0128205	9454(97.4%)	1	0	1	9454	2
2017-11-14-3580	pfama1.007	33	0.0846154	68325(90.9%)	1	0	1	68325	2
2017-11-14-3612	pfama1.009	28	0.0717949	35002(68.3%)	2	0	0.540348	18924	2
2017-11-14-3612	pfama1.000	64	0.164103	35002(68.3%)	2	1	0.459652	16078	2
2017-11-14-3614	pfama1.001	53	0.135897	1273(93.4%)	1	0	1	1273	2
2017-11-14-3615	pfama1.005	34	0.0871795	1621(94.9%)	1	0	1	1621	2
2017-11-14-3616	pfama1.001	53	0.135897	20759(99.2%)	1	0	1	20759	2
2017-11-14-3617	pfama1.007	33	0.0846154	4649(97.1%)	1	0	1	4649	2
2017-11-15-3627	pfama1.006	34	0.0871795	49822(93%)	1	0	1	49822	2
2017-11-15-3630	pfama1.008	32	0.0820513	15786(99.1%)	1	0	1	15786	2
2017-11-15-3642	pfama1.001	53	0.135897	20003(95.1%)	1	0	1	20003	2
2017-11-17-3779	pfama1.009	28	0.0717949	201966(99%)	1	0	1	201966	2
2017-11-20-3154	pfama1.000	64	0.164103	98726(98.1%)	1	0	1	98726	2
2017-11-20-3190	pfama1.002	50	0.128205	43552(97.5%)	1	0	1	43552	2
2017-11-20-3202	pfama1.028	7	0.0179487	510(92.1%)	2	0	0.771226	394	2
2017-11-20-3202	pfama1.027	7	0.0179487	510(92.1%)	2	1	0.228774	116	2
2017-11-20-3205	pfama1.028	7	0.0179487	15690(66.5%)	2	0	0.76737	12003	2
2017-11-20-3205	pfama1.000	64	0.164103	15690(66.5%)	2	1	0.23263	3687	2
2017-11-20-3649	pfama1.000	64	0.164103	32218(69.1%)	1	0	1	32218	2
2017-11-20-3659	pfama1.018	15	0.0384615	8379(98.7%)	1	0	1	8379	2
2017-11-20-3661	pfama1.007	33	0.0846154	377873(78.2%)	1	0	1	377873	3
2017-11-20-3665	pfama1.001	53	0.135897	122188(98.4%)	1	0	1	122188	2
2017-11-21-3672	pfama1.024	9	0.0230769	39262(96.6%)	2	0	0.95777	37604	2
2017-11-21-3672	pfama1.003	40	0.102564	39262(96.6%)	2	1	0.0422305	1658	2
2017-11-21-3673	pfama1.005	34	0.0871795	48343(94.2%)	1	0	1	48343	2
2017-11-21-3677	pfama1.014	20	0.0512821	163(90.6%)	3	0	0.551149	89	2
2017-11-21-3677	pfama1.010	27	0.0692308	163(90.6%)	3	1	0.322742	54	2
2017-11-21-3677	pfama1.019	12	0.0307692	163(90.6%)	3	2	0.126108	20	2
2017-11-21-3685	pfama1.030	7	0.0179487	26131(88.6%)	2	0	0.771062	20973	2
2017-11-21-3685	pfama1.029	7	0.0179487	26131(88.6%)	2	1	0.228938	5158	2
2017-11-22-3708	pfama1.005	34	0.0871795	152795(98.7%)	1	0	1	152795	2
2017-11-22-3709	pfama1.015	20	0.0512821	70296(95.7%)	1	0	1	70296	2
2017-11-22-3713	pfama1.022	10	0.025641	59681(95.7%)	1	0	1	59681	2
2017-11-22-3714	pfama1.011	24	0.0615385	10434(97.2%)	2	0	0.835495	8957	2
2017-11-22-3714	pfama1.004	38	0.0974359	10434(97.2%)	2	1	0.164505	1477	2
2017-11-22-3719	pfama1.016	16	0.0410256	21284(93.2%)	1	0	1	21284	2
2017-11-22-3720	pfama1.002	50	0.128205	41802(91.7%)	2	0	0.663215	28706	2
2017-11-22-3720	pfama1.016	16	0.0410256	41802(91.7%)	2	1	0.336785	13096	2
2017-11-22-3728	pfama1.004	38	0.0974359	48475(92.9%)	1	0	1	48475	2
2017-11-27-3746	pfama1.001	53	0.135897	28580(95.2%)	2	0	0.711447	20407	2
2017-11-27-3746	pfama1.009	28	0.0717949	28580(95.2%)	2	1	0.288553	8173	2
2017-11-27-3747	pfama1.002	50	0.128205	8600(97.7%)	1	0	1	8600	2
2017-11-27-3758	pfama1.017	15	0.0384615	77539(86.5%)	1	0	1	77539	3
2017-11-27-3761	pfama1.007	33	0.0846154	7545(98.5%)	1	0	1	7545	2
2017-11-27-3766	pfama1.000	64	0.164103	46873(87.6%)	2	0	0.542683	24854	2
2017-11-27-3766	pfama1.003	40	0.102564	46873(87.6%)	2	1	0.457317	22019	2
2017-11-27-3773	pfama1.015	20	0.0512821	42730(91.7%)	1	0	1	42730	2
2017-11-27-3777	pfama1.007	33	0.0846154	36167(79%)	3	0	0.472778	16785	2
2017-11-27-3777	pfama1.039	4	0.0102564	36167(79%)	3	1	0.385861	13424	2
2017-11-27-3777	pfama1.012	22	0.0564103	36167(79%)	3	2	0.141361	5958	2
2017-11-27-3779	pfama1.009	28	0.0717949	80097(80.9%)	1	0	1	80097	3
2017-11-28-3783	pfama1.003	40	0.102564	32887(89.4%)	1	0	1	32887	2
2017-11-28-3785	pfama1.035	5	0.0128205	49324(59%)	1	0	1	49324	2
2017-11-28-3786	pfama1.005	34	0.0871795	20820(87.9%)	3	0	0.534104	11297	2
2017-11-28-3786	pfama1.009	28	0.0717949	20820(87.9%)	3	1	0.42688	8758	2
2017-11-28-3786	pfama1.003	40	0.102564	20820(87.9%)	3	2	0.0390154	765	2
2017-11-28-3787	pfama1.003	40	0.102564	99119(94.4%)	1	0	1	99119	2
2017-11-28-3805	pfama1.002	50	0.128205	1411(97.6%)	1	0	1	1411	2
2017-11-28-3816	pfama1.000	64	0.164103	2359(95.2%)	1	0	1	2359	2
2017-11-28-3818	pfama1.010	27	0.0692308	50822(96.9%)	1	0	1	50822	2
2017-11-29-3079	pfama1.012	22	0.0564103	46524(92.1%)	1	0	1	46524	2
2017-11-29-3093	pfama1.033	5	0.0128205	43295(95.2%)	1	0	1	43295	2
2017-11-29-3096	pfama1.006	34	0.0871795	52372(90.6%)	5	0	0.449336	23444	2
2017-11-29-3096	pfama1.025	8	0.0205128	52372(90.6%)	5	1	0.421121	22141	2
2017-11-29-3096	pfama1.026	8	0.0205128	52372(90.6%)	5	2	0.0904842	4702	2
2017-11-29-3096	pfama1.015	20	0.0512821	52372(90.6%)	5	3	0.0227444	1218	2
2017-11-29-3096	pfama1.009	28	0.0717949	52372(90.6%)	5	4	0.016314	867	2
2017-11-29-3315	pfama1.019	12	0.0307692	2398(92.7%)	2	0	0.763332	1841	2
2017-11-29-3315	pfama1.015	20	0.0512821	2398(92.7%)	2	1	0.236668	557	2
2017-11-29-3364	pfama1.016	16	0.0410256	50961(96.2%)	1	0	1	50961	2
2017-11-29-3510	pfama1.025	8	0.0205128	50869(86.1%)	1	0	1	50869	2
2017-12-04-3001	pfama1.003	40	0.102564	35571(91.4%)	2	0	0.990943	35247	2
2017-12-04-3001	pfama1.102	1	0.0025641	35571(91.4%)	2	1	0.00905722	324	2
2017-12-04-3055	pfama1.003	40	0.102564	67927(91.5%)	1	0	1	67927	2
2017-12-04-3164	pfama1.013	22	0.0564103	52943(95.6%)	2	0	0.5016	26418	2
2017-12-04-3164	pfama1.000	64	0.164103	52943(95.6%)	2	1	0.4984	26525	2
2017-12-05-3284	pfama1.023	10	0.025641	49041(85.8%)	1	0	1	49041	2
2017-12-05-3285	pfama1.001	53	0.135897	597(89.6%)	5	0	0.670903	402	2
2017-12-05-3285	pfama1.006	34	0.0871795	597(89.6%)	5	1	0.143557	83	2
2017-12-05-3285	pfama1.011	24	0.0615385	597(89.6%)	5	2	0.143015	87	2
2017-12-05-3285	pfama1.039	4	0.0102564	597(89.6%)	5	3	0.0216211	13	2
2017-12-05-3285	pfama1.031	6	0.0153846	597(89.6%)	5	4	0.0209034	12	2
2017-12-05-3523	pfama1.004	38	0.0974359	8(100%)	1	0	1	8	1
2017-12-05-3527	pfama1.001	53	0.135897	49041(94.3%)	1	0	1	49041	2
2017-12-06-3336	pfama1.005	34	0.0871795	8135(95.7%)	4	0	0.950953	7736	1
2017-12-06-3336	pfama1.072	1	0.0025641	8135(95.7%)	4	1	0.0211432	172	1
2017-12-06-3336	pfama1.078	1	0.0025641	8135(95.7%)	4	2	0.0157345	128	1
2017-12-06-3336	pfama1.090	1	0.0025641	8135(95.7%)	4	3	0.0121696	99	1
2017-12-11-3540	pfama1.010	27	0.0692308	47949(77.2%)	1	0	1	47949	2
2017-12-11-3542	pfama1.006	34	0.0871795	26315(96.7%)	4	0	0.874551	22791	2
2017-12-11-3542	pfama1.018	15	0.0384615	26315(96.7%)	4	1	0.0973457	2708	2
2017-12-11-3542	pfama1.002	50	0.128205	26315(96.7%)	4	2	0.0156432	456	2
2017-12-11-3542	pfama1.000	64	0.164103	26315(96.7%)	4	3	0.0124604	360	2
2017-12-11-3546	pfama1.010	27	0.0692308	37416(74.8%)	2	0	0.831934	32438	2
2017-12-11-3546	pfama1.009	28	0.0717949	37416(74.8%)	2	1	0.168066	4978	2
2017-12-11-3557	pfama1.020	11	0.0282051	32971(95.6%)	1	0	1	32971	2
2017-12-12-3575	pfama1.001	53	0.135897	107(93%)	3	0	0.607477	65	1
2017-12-12-3575	pfama1.015	20	0.0512821	107(93%)	3	1	0.345794	37	1
2017-12-12-3575	pfama1.057	1	0.0025641	107(93%)	3	2	0.046729	5	1
2017-12-12-3577	pfama1.000	64	0.164103	7308(94.7%)	1	0	1	7308	2
2017-12-12-3578	pfama1.022	10	0.025641	8532(94.9%)	8	0	0.475962	4062	2
2017-12-12-3578	pfama1.009	28	0.0717949	8532(94.9%)	8	1	0.136594	1138	2
2017-12-12-3578	pfama1.020	11	0.0282051	8532(94.9%)	8	2	0.108782	935	2
2017-12-12-3578	pfama1.000	64	0.164103	8532(94.9%)	8	3	0.0947548	811	2
2017-12-12-3578	pfama1.012	22	0.0564103	8532(94.9%)	8	4	0.0694695	581	2
2017-12-12-3578	pfama1.037	5	0.0128205	8532(94.9%)	8	5	0.0453967	425	2
2017-12-12-3578	pfama1.003	40	0.102564	8532(94.9%)	8	6	0.0378806	318	2
2017-12-12-3578	pfama1.011	24	0.0615385	8532(94.9%)	8	7	0.03116	262	2
2017-12-12-3579	pfama1.032	5	0.0128205	232(87.5%)	1	0	1	232	2
2017-12-12-3580	pfama1.007	33	0.0846154	24404(96.8%)	1	0	1	24404	2
2017-12-12-3602	pfama1.023	10	0.025641	24(70.6%)	2	0	0.544444	13	2
2017-12-12-3602	pfama1.000	64	0.164103	24(70.6%)	2	1	0.455556	11	2
2017-12-12-3604	pfama1.036	5	0.0128205	67518(94.6%)	15	0	0.1654	11166	2
2017-12-12-3604	pfama1.000	64	0.164103	67518(94.6%)	15	1	0.12738	8575	2
2017-12-12-3604	pfama1.017	15	0.0384615	67518(94.6%)	15	2	0.110206	7468	2
2017-12-12-3604	pfama1.006	34	0.0871795	67518(94.6%)	15	3	0.104598	7078	2
2017-12-12-3604	pfama1.004	38	0.0974359	67518(94.6%)	15	4	0.088667	5996	2
2017-12-12-3604	pfama1.013	22	0.0564103	67518(94.6%)	15	5	0.0850573	5738	2
2017-12-12-3604	pfama1.009	28	0.0717949	67518(94.6%)	15	6	0.0819775	5537	2
2017-12-12-3604	pfama1.003	40	0.102564	67518(94.6%)	15	7	0.0573597	3862	2
2017-12-12-3604	pfama1.002	50	0.128205	67518(94.6%)	15	8	0.0511811	3444	2
2017-12-12-3604	pfama1.001	53	0.135897	67518(94.6%)	15	9	0.036404	2448	2
2017-12-12-3604	pfama1.015	20	0.0512821	67518(94.6%)	15	10	0.0348845	2379	2
2017-12-12-3604	pfama1.042	2	0.00512821	67518(94.6%)	15	11	0.0167343	1125	2
2017-12-12-3604	pfama1.021	11	0.0282051	67518(94.6%)	15	12	0.0154803	1043	2
2017-12-12-3604	pfama1.008	32	0.0820513	67518(94.6%)	15	13	0.0145592	981	2
2017-12-12-3604	pfama1.010	27	0.0692308	67518(94.6%)	15	14	0.0101118	678	2
2017-12-12-3614	pfama1.001	53	0.135897	335(95.7%)	1	0	1	335	2
2017-12-12-3617	pfama1.007	33	0.0846154	18579(97.5%)	1	0	1	18579	1
2017-12-13-3630	pfama1.008	32	0.0820513	9868(97.2%)	1	0	1	9868	2
2017-12-13-3637	pfama1.004	38	0.0974359	17749(94%)	4	0	0.981295	17417	1
2017-12-13-3637	pfama1.128	1	0.0025641	17749(94%)	4	1	0.00676094	120	1
2017-12-13-3637	pfama1.134	1	0.0025641	17749(94%)	4	2	0.00625387	111	1
2017-12-13-3637	pfama1.147	1	0.0025641	17749(94%)	4	3	0.00569046	101	1
2017-12-13-3642	pfama1.001	53	0.135897	28887(87.5%)	1	0	1	28887	3
2017-12-18-3122	pfama1.002	50	0.128205	23(65.7%)	1	0	1	23	2
2017-12-18-3148	pfama1.002	50	0.128205	20625(96.5%)	1	0	1	20625	2
2017-12-18-3154	pfama1.000	64	0.164103	82961(99.3%)	1	0	1	82961	2
2017-12-18-3190	pfama1.002	50	0.128205	732(92.9%)	1	0	1	732	2
2017-12-18-3205	pfama1.028	7	0.0179487	13433(96.3%)	3	0	0.748445	10096	2
2017-12-18-3205	pfama1.027	7	0.0179487	13433(96.3%)	3	1	0.240159	3186	2
2017-12-18-3205	pfama1.000	64	0.164103	13433(96.3%)	3	2	0.0113954	151	2
2017-12-18-3649	pfama1.001	53	0.135897	18694(93.5%)	4	0	0.962876	18000	1
2017-12-18-3649	pfama1.076	1	0.0025641	18694(93.5%)	4	1	0.0171178	320	1
2017-12-18-3649	pfama1.044	2	0.00512821	18694(93.5%)	4	2	0.0119825	224	1
2017-12-18-3649	pfama1.107	1	0.0025641	18694(93.5%)	4	3	0.00802396	150	1
2017-12-18-3659	pfama1.018	15	0.0384615	463(92%)	4	0	0.531317	246	1
2017-12-18-3659	pfama1.012	22	0.0564103	463(92%)	4	1	0.449244	208	1
2017-12-18-3659	pfama1.095	1	0.0025641	463(92%)	4	2	0.0107991	5	1
2017-12-18-3659	pfama1.104	1	0.0025641	463(92%)	4	3	0.00863931	4	1
2017-12-18-3665	pfama1.001	53	0.135897	211(87.2%)	1	0	1	211	2
2017-12-18-3824	pfama1.000	64	0.164103	26487(82.5%)	2	0	0.992134	26271	2
2017-12-18-3824	pfama1.046	2	0.00512821	26487(82.5%)	2	1	0.00786612	216	2
2017-12-19-3672	pfama1.012	22	0.0564103	13603(97.5%)	2	0	0.955772	12992	2
2017-12-19-3672	pfama1.024	9	0.0230769	13603(97.5%)	2	1	0.0442283	611	2
2017-12-19-3673	pfama1.010	27	0.0692308	4286(95.2%)	2	0	0.675942	2848	2
2017-12-19-3673	pfama1.005	34	0.0871795	4286(95.2%)	2	1	0.324058	1438	2
2017-12-19-3677	pfama1.019	12	0.0307692	2754(95.9%)	4	0	0.613762	1690	2
2017-12-19-3677	pfama1.001	53	0.135897	2754(95.9%)	4	1	0.262328	723	2
2017-12-19-3677	pfama1.010	27	0.0692308	2754(95.9%)	4	2	0.0961519	265	2
2017-12-19-3677	pfama1.014	20	0.0512821	2754(95.9%)	4	3	0.0277577	76	2
2017-12-19-3681	pfama1.005	34	0.0871795	18991(95%)	4	0	0.958401	18201	1
2017-12-19-3681	pfama1.064	1	0.0025641	18991(95%)	4	1	0.0293823	558	1
2017-12-19-3681	pfama1.131	1	0.0025641	18991(95%)	4	2	0.00652941	124	1
2017-12-19-3681	pfama1.148	1	0.0025641	18991(95%)	4	3	0.0056869	108	1
2017-12-19-3685	pfama1.030	7	0.0179487	434(94.1%)	3	0	0.813364	353	1
2017-12-19-3685	pfama1.029	7	0.0179487	434(94.1%)	3	1	0.177419	77	1
2017-12-19-3685	pfama1.100	1	0.0025641	434(94.1%)	3	2	0.00921659	4	1
2017-12-20-3708	pfama1.005	34	0.0871795	120180(98.3%)	1	0	1	120180	2
2017-12-20-3709	pfama1.015	20	0.0512821	25904(97.9%)	1	0	1	25904	2
2017-12-20-3713	pfama1.022	10	0.025641	33917(89.7%)	1	0	1	33917	2
2017-12-20-3714	pfama1.004	38	0.0974359	46713(92.7%)	2	0	0.842953	39390	2
2017-12-20-3714	pfama1.011	24	0.0615385	46713(92.7%)	2	1	0.157047	7323	2
2017-12-20-3720	pfama1.002	50	0.128205	40308(92.8%)	1	0	1	40308	2
2017-12-20-3728	pfama1.004	38	0.0974359	43449(93.8%)	1	0	1	43449	2
2017-12-27-3747	pfama1.002	50	0.128205	80(94.1%)	1	0	1	80	2
2017-12-27-3758	pfama1.017	15	0.0384615	7027(93.3%)	3	0	0.864807	6077	1
2017-12-27-3758	pfama1.052	1	0.0025641	7027(93.3%)	3	1	0.129074	907	1
2017-12-27-3758	pfama1.137	1	0.0025641	7027(93.3%)	3	2	0.00611925	43	1
2017-12-27-3762	pfama1.008	32	0.0820513	221(90.2%)	1	0	1	221	2
2017-12-27-3766	pfama1.003	40	0.102564	66(94.3%)	1	0	1	66	1
2017-12-27-3777	pfama1.012	22	0.0564103	27289(86.5%)	4	0	0.585986	14610	2
2017-12-27-3777	pfama1.007	33	0.0846154	27289(86.5%)	4	1	0.212058	6719	2
2017-12-27-3777	pfama1.014	20	0.0512821	27289(86.5%)	4	2	0.116178	3314	2
2017-12-27-3777	pfama1.039	4	0.0102564	27289(86.5%)	4	3	0.0857779	2646	2
2017-12-28-3785	pfama1.000	64	0.164103	63299(93.6%)	2	0	0.916763	57976	2
2017-12-28-3785	pfama1.035	5	0.0128205	63299(93.6%)	2	1	0.0832372	5323	2
2017-12-28-3786	pfama1.005	34	0.0871795	24461(96.9%)	4	0	0.803874	19643	2
2017-12-28-3786	pfama1.008	32	0.0820513	24461(96.9%)	4	1	0.12155	2975	2
2017-12-28-3786	pfama1.004	38	0.0974359	24461(96.9%)	4	2	0.0445766	1108	2
2017-12-28-3786	pfama1.002	50	0.128205	24461(96.9%)	4	3	0.0299997	735	2
2017-12-28-3787	pfama1.003	40	0.102564	50023(94%)	1	0	1	50023	2
2017-12-28-3816	pfama1.000	64	0.164103	12898(96.4%)	1	0	1	12898	2
2017-12-28-3818	pfama1.010	27	0.0692308	29320(95.4%)	1	0	1	29320	2
2017-12-29-3093	pfama1.033	5	0.0128205	35323(89.1%)	1	0	1	35323	3
2017-12-29-3095	pfama1.007	33	0.0846154	576(95.8%)	1	0	1	576	2
2017-12-29-3096	pfama1.009	28	0.0717949	3990(97.8%)	3	0	0.520551	2077	1
2017-12-29-3096	pfama1.026	8	0.0205128	3990(97.8%)	3	1	0.450376	1797	1
2017-12-29-3096	pfama1.006	34	0.0871795	3990(97.8%)	3	2	0.0290727	116	1
2017-12-29-3315	pfama1.019	12	0.0307692	24(96%)	1	0	1	24	2
2017-12-29-3364	pfama1.016	16	0.0410256	96(96%)	1	0	1	96	2
2018-01-03-3164	pfama1.000	64	0.164103	37668(98.5%)	2	0	0.845228	31923	2
2018-01-03-3164	pfama1.013	22	0.0564103	37668(98.5%)	2	1	0.154772	5745	2
2018-01-04-3285	pfama1.011	24	0.0615385	84046(95.9%)	5	0	0.6382	53173	2
2018-01-04-3285	pfama1.001	53	0.135897	84046(95.9%)	5	1	0.197375	16814	2
2018-01-04-3285	pfama1.023	10	0.025641	84046(95.9%)	5	2	0.120228	10185	2
2018-01-04-3285	pfama1.031	6	0.0153846	84046(95.9%)	5	3	0.0367221	3217	2
2018-01-04-3285	pfama1.006	34	0.0871795	84046(95.9%)	5	4	0.00747542	657	2
2018-01-04-3523	pfama1.004	38	0.0974359	45796(92.8%)	1	0	1	45796	2
2018-01-04-3527	pfama1.001	53	0.135897	76742(90.4%)	1	0	1	76742	2
2018-01-08-3540	pfama1.010	27	0.0692308	12923(84.6%)	6	0	0.857463	11081	1
2018-01-08-3540	pfama1.053	1	0.0025641	12923(84.6%)	6	1	0.102685	1327	1
2018-01-08-3540	pfama1.084	1	0.0025641	12923(84.6%)	6	2	0.0130001	168	1
2018-01-08-3540	pfama1.092	1	0.0025641	12923(84.6%)	6	3	0.0118394	153	1
2018-01-08-3540	pfama1.112	1	0.0025641	12923(84.6%)	6	4	0.00773814	100	1
2018-01-08-3540	pfama1.121	1	0.0025641	12923(84.6%)	6	5	0.00727385	94	1
2018-01-08-3541	pfama1.011	24	0.0615385	26098(81.3%)	2	0	0.992002	25890	2
2018-01-08-3541	pfama1.109	1	0.0025641	26098(81.3%)	2	1	0.00799846	208	2
2018-01-08-3542	pfama1.024	9	0.0230769	38245(87.3%)	4	0	0.860944	32864	2
2018-01-08-3542	pfama1.006	34	0.0871795	38245(87.3%)	4	1	0.0720101	2798	2
2018-01-08-3542	pfama1.004	38	0.0974359	38245(87.3%)	4	2	0.0565079	2180	2
2018-01-08-3542	pfama1.014	20	0.0512821	38245(87.3%)	4	3	0.0105383	403	2
2018-01-08-3546	pfama1.010	27	0.0692308	68982(71.8%)	2	0	0.703321	48488	2
2018-01-08-3546	pfama1.009	28	0.0717949	68982(71.8%)	2	1	0.296679	20494	2
2018-01-09-3575	pfama1.000	64	0.164103	18741(83.9%)	4	0	0.95822	17958	1
2018-01-09-3575	pfama1.073	1	0.0025641	18741(83.9%)	4	1	0.0211301	396	1
2018-01-09-3575	pfama1.080	1	0.0025641	18741(83.9%)	4	2	0.0147271	276	1
2018-01-09-3575	pfama1.046	2	0.00512821	18741(83.9%)	4	3	0.00592284	111	1
2018-01-09-3578	pfama1.020	11	0.0282051	58703(80.1%)	5	0	0.358994	20657	2
2018-01-09-3578	pfama1.012	22	0.0564103	58703(80.1%)	5	1	0.247855	15322	2
2018-01-09-3578	pfama1.037	5	0.0128205	58703(80.1%)	5	2	0.176045	10495	2
2018-01-09-3578	pfama1.003	40	0.102564	58703(80.1%)	5	3	0.137084	7725	2
2018-01-09-3578	pfama1.005	34	0.0871795	58703(80.1%)	5	4	0.0800211	4504	2
2018-01-09-3579	pfama1.032	5	0.0128205	41106(91.8%)	1	0	1	41106	2
2018-01-09-3602	pfama1.017	15	0.0384615	28885(79.6%)	6	0	0.417033	11968	2
2018-01-09-3602	pfama1.000	64	0.164103	28885(79.6%)	6	1	0.26197	7831	2
2018-01-09-3602	pfama1.005	34	0.0871795	28885(79.6%)	6	2	0.117793	3092	2
2018-01-09-3602	pfama1.020	11	0.0282051	28885(79.6%)	6	3	0.114935	3266	2
2018-01-09-3602	pfama1.001	53	0.135897	28885(79.6%)	6	4	0.0491877	1366	2
2018-01-09-3602	pfama1.007	33	0.0846154	28885(79.6%)	6	5	0.0390818	1362	2
2018-01-09-3604	pfama1.017	15	0.0384615	91091(91.8%)	8	0	0.524783	47816	2
2018-01-09-3604	pfama1.013	22	0.0564103	91091(91.8%)	8	1	0.217072	19980	2
2018-01-09-3604	pfama1.010	27	0.0692308	91091(91.8%)	8	2	0.121601	10878	2
2018-01-09-3604	pfama1.004	38	0.0974359	91091(91.8%)	8	3	0.0832046	7536	2
2018-01-09-3604	pfama1.003	40	0.102564	91091(91.8%)	8	4	0.0171969	1551	2
2018-01-09-3604	pfama1.008	32	0.0820513	91091(91.8%)	8	5	0.015924	1475	2
2018-01-09-3604	pfama1.021	11	0.0282051	91091(91.8%)	8	6	0.0126128	1178	2
2018-01-09-3604	pfama1.011	24	0.0615385	91091(91.8%)	8	7	0.00760542	677	2
2018-01-09-3614	pfama1.001	53	0.135897	48374(92.8%)	1	0	1	48374	2
2018-01-09-3615	pfama1.005	34	0.0871795	22409(92.3%)	3	0	0.974296	21833	1
2018-01-09-3615	pfama1.075	1	0.0025641	22409(92.3%)	3	1	0.01785	400	1
2018-01-09-3615	pfama1.110	1	0.0025641	22409(92.3%)	3	2	0.00785399	176	1
2018-01-09-3616	pfama1.001	53	0.135897	57664(94.4%)	1	0	1	57664	2
2018-01-10-3630	pfama1.008	32	0.0820513	57132(97.3%)	1	0	1	57132	2
2018-01-10-3635	pfama1.007	33	0.0846154	38494(91.5%)	2	0	0.993015	38227	2
2018-01-10-3635	pfama1.045	2	0.00512821	38494(91.5%)	2	1	0.00698534	267	2
2018-01-15-3122	pfama1.002	50	0.128205	29603(62.7%)	1	0	1	29603	2
2018-01-15-3148	pfama1.002	50	0.128205	10356(84.8%)	5	0	0.963886	9982	1
2018-01-15-3148	pfama1.088	1	0.0025641	10356(84.8%)	5	1	0.0127462	132	1
2018-01-15-3148	pfama1.105	1	0.0025641	10356(84.8%)	5	2	0.00830436	86	1
2018-01-15-3148	pfama1.111	1	0.0025641	10356(84.8%)	5	3	0.00782155	81	1
2018-01-15-3148	pfama1.047	2	0.00512821	10356(84.8%)	5	4	0.00724218	75	1
2018-01-15-3154	pfama1.000	64	0.164103	46524(93.7%)	1	0	1	46524	2
2018-01-15-3190	pfama1.002	50	0.128205	44785(96%)	1	0	1	44785	2
2018-01-15-3658	pfama1.002	50	0.128205	42701(91.6%)	1	0	1	42701	2
2018-01-15-3659	pfama1.012	22	0.0564103	43490(91.1%)	1	0	1	43490	2
2018-01-15-3665	pfama1.001	53	0.135897	43399(91.2%)	1	0	1	43399	2
2018-01-15-3825	pfama1.000	64	0.164103	42567(91.3%)	1	0	1	42567	2
2018-01-16-3672	pfama1.012	22	0.0564103	36485(77.9%)	1	0	1	36485	2
2018-01-16-3677	pfama1.019	12	0.0307692	19360(62.2%)	5	0	0.409807	7210	2
2018-01-16-3677	pfama1.010	27	0.0692308	19360(62.2%)	5	1	0.371531	7861	2
2018-01-16-3677	pfama1.002	50	0.128205	19360(62.2%)	5	2	0.135684	2956	2
2018-01-16-3677	pfama1.001	53	0.135897	19360(62.2%)	5	3	0.0451715	626	2
2018-01-16-3677	pfama1.014	20	0.0512821	19360(62.2%)	5	4	0.0378065	707	2
2018-01-16-3685	pfama1.029	7	0.0179487	63274(97.8%)	2	0	0.869851	55051	2
2018-01-16-3685	pfama1.030	7	0.0179487	63274(97.8%)	2	1	0.130149	8223	2
2018-01-17-3205	pfama1.027	7	0.0179487	38256(83.9%)	3	0	0.861714	32590	2
2018-01-17-3205	pfama1.028	7	0.0179487	38256(83.9%)	3	1	0.104153	4360	2
2018-01-17-3205	pfama1.000	64	0.164103	38256(83.9%)	3	2	0.0341329	1306	2
2018-01-17-3709	pfama1.015	20	0.0512821	85072(90.2%)	1	0	1	85072	2
2018-01-17-3713	pfama1.022	10	0.025641	50890(93.1%)	1	0	1	50890	2
2018-01-17-3714	pfama1.004	38	0.0974359	48042(89.4%)	2	0	0.685706	33060	2
2018-01-17-3714	pfama1.011	24	0.0615385	48042(89.4%)	2	1	0.314294	14982	2
2018-01-17-3728	pfama1.004	38	0.0974359	52403(83.3%)	1	0	1	52403	2
2018-01-22-3746	pfama1.009	28	0.0717949	33977(76.4%)	2	0	0.578017	20177	2
2018-01-22-3746	pfama1.001	53	0.135897	33977(76.4%)	2	1	0.421983	13800	2
2018-01-22-3747	pfama1.002	50	0.128205	55724(87.6%)	2	0	0.994207	55404	2
2018-01-22-3747	pfama1.047	2	0.00512821	55724(87.6%)	2	1	0.00579328	320	2
2018-01-22-3761	pfama1.007	33	0.0846154	79023(95.1%)	1	0	1	79023	2
2018-01-22-3762	pfama1.008	32	0.0820513	76540(86.6%)	1	0	1	76540	2
2018-01-22-3766	pfama1.003	40	0.102564	32946(79.3%)	2	0	0.609949	20054	2
2018-01-22-3766	pfama1.000	64	0.164103	32946(79.3%)	2	1	0.390051	12892	2
2018-01-22-3777	pfama1.014	20	0.0512821	61581(86.9%)	2	0	0.919657	56317	2
2018-01-22-3777	pfama1.007	33	0.0846154	61581(86.9%)	2	1	0.0803429	5264	2
2018-01-23-3805	pfama1.002	50	0.128205	427579(74.9%)	1	0	1	427579	3
2018-01-23-3815	pfama1.000	64	0.164103	44451(93.5%)	1	0	1	44451	2
2018-01-23-3816	pfama1.000	64	0.164103	34484(92.9%)	1	0	1	34484	2
2018-01-23-3818	pfama1.010	27	0.0692308	38928(88.9%)	1	0	1	38928	2
2018-01-24-3079	pfama1.012	22	0.0564103	42492(91%)	1	0	1	42492	2
2018-01-24-3095	pfama1.007	33	0.0846154	44989(94.7%)	1	0	1	44989	2
2018-01-24-3096	pfama1.013	22	0.0564103	46745(82.2%)	4	0	0.815912	38020	2
2018-01-24-3096	pfama1.006	34	0.0871795	46745(82.2%)	4	1	0.138896	6665	2
2018-01-24-3096	pfama1.026	8	0.0205128	46745(82.2%)	4	2	0.0357968	1611	2
2018-01-24-3096	pfama1.015	20	0.0512821	46745(82.2%)	4	3	0.00939438	449	2
2018-01-24-3315	pfama1.008	32	0.0820513	40550(85.2%)	5	0	0.842848	34157	2
2018-01-24-3315	pfama1.019	12	0.0307692	40550(85.2%)	5	1	0.0854171	3337	2
2018-01-24-3315	pfama1.063	1	0.0025641	40550(85.2%)	5	2	0.0302718	1214	2
2018-01-24-3315	pfama1.015	20	0.0512821	40550(85.2%)	5	3	0.0234423	1104	2
2018-01-24-3315	pfama1.006	34	0.0871795	40550(85.2%)	5	4	0.0180204	738	2
2018-01-24-3364	pfama1.016	16	0.0410256	46190(93.3%)	1	0	1	46190	2
2018-01-24-3505	pfama1.034	5	0.0128205	59621(93.6%)	1	0	1	59621	2
2018-01-24-3510	pfama1.025	8	0.0205128	58438(91.9%)	1	0	1	58438	2
2018-01-24-3785	pfama1.035	5	0.0128205	58262(87.8%)	1	0	1	58262	2
2018-01-24-3786	pfama1.004	38	0.0974359	47021(89.3%)	4	0	0.898898	42230	2
2018-01-24-3786	pfama1.005	34	0.0871795	47021(89.3%)	4	1	0.0779199	3686	2
2018-01-24-3786	pfama1.003	40	0.102564	47021(89.3%)	4	2	0.0140041	667	2
2018-01-24-3786	pfama1.002	50	0.128205	47021(89.3%)	4	3	0.00917817	438	2
2018-01-24-3787	pfama1.003	40	0.102564	41701(92.4%)	1	0	1	41701	2
2018-01-26-3154	pfama1.000	64	0.164103	169479(98.6%)	1	0	1	169479	2
2018-01-29-3164	pfama1.013	22	0.0564103	44103(94.8%)	2	0	0.677784	29906	2
2018-01-29-3164	pfama1.000	64	0.164103	44103(94.8%)	2	1	0.322216	14197	2
2018-01-29-3521	pfama1.000	64	0.164103	66744(90.6%)	1	0	1	66744	2
2018-01-30-3285	pfama1.002	50	0.128205	51907(95%)	4	0	0.366554	20121	2
2018-01-30-3285	pfama1.023	10	0.025641	51907(95%)	4	1	0.272209	14032	2
2018-01-30-3285	pfama1.006	34	0.0871795	51907(95%)	4	2	0.210789	9726	2
2018-01-30-3285	pfama1.031	6	0.0153846	51907(95%)	4	3	0.150448	8028	2
2018-01-30-3523	pfama1.004	38	0.0974359	48505(90.3%)	1	0	1	48505	2
2018-01-30-3525	pfama1.014	20	0.0512821	98910(91.1%)	1	0	1	98910	2
2018-01-30-3677	pfama1.002	50	0.128205	42177(79%)	4	0	0.53568	22588	2
2018-01-30-3677	pfama1.019	12	0.0307692	42177(79%)	4	1	0.299526	12628	2
2018-01-30-3677	pfama1.001	53	0.135897	42177(79%)	4	2	0.110061	4625	2
2018-01-30-3677	pfama1.010	27	0.0692308	42177(79%)	4	3	0.0547332	2336	2
2018-02-05-3540	pfama1.006	34	0.0871795	42969(50%)	1	0	1	42969	2
2018-02-05-3541	pfama1.011	24	0.0615385	86903(88.3%)	1	0	1	86903	2
2018-02-05-3542	pfama1.002	50	0.128205	54027(98.3%)	4	0	0.913678	49374	2
2018-02-05-3542	pfama1.024	9	0.0230769	54027(98.3%)	4	1	0.0494217	2662	2
2018-02-05-3542	pfama1.004	38	0.0974359	54027(98.3%)	4	2	0.0224596	1208	2
2018-02-05-3542	pfama1.006	34	0.0871795	54027(98.3%)	4	3	0.0144409	783	2
2018-02-06-3546	pfama1.010	27	0.0692308	130331(85.2%)	10	0	0.828805	108019	1
2018-02-06-3546	pfama1.055	1	0.0025641	130331(85.2%)	10	1	0.0581443	7578	1
2018-02-06-3546	pfama1.059	1	0.0025641	130331(85.2%)	10	2	0.0415404	5414	1
2018-02-06-3546	pfama1.077	1	0.0025641	130331(85.2%)	10	3	0.0164427	2143	1
2018-02-06-3546	pfama1.079	1	0.0025641	130331(85.2%)	10	4	0.0148084	1930	1
2018-02-06-3546	pfama1.082	1	0.0025641	130331(85.2%)	10	5	0.0142253	1854	1
2018-02-06-3546	pfama1.117	1	0.0025641	130331(85.2%)	10	6	0.00750397	978	1
2018-02-06-3546	pfama1.130	1	0.0025641	130331(85.2%)	10	7	0.00656789	856	1
2018-02-06-3546	pfama1.135	1	0.0025641	130331(85.2%)	10	8	0.00617658	805	1
2018-02-06-3546	pfama1.145	1	0.0025641	130331(85.2%)	10	9	0.00578527	754	1
2018-02-06-3577	pfama1.000	64	0.164103	37106(91.3%)	3	0	0.803239	29805	1
2018-02-06-3577	pfama1.050	1	0.0025641	37106(91.3%)	3	1	0.189107	7017	1
2018-02-06-3577	pfama1.115	1	0.0025641	37106(91.3%)	3	2	0.00765375	284	1
2018-02-06-3578	pfama1.020	11	0.0282051	39793(70.9%)	10	0	0.212218	8450	2
2018-02-06-3578	pfama1.009	28	0.0717949	39793(70.9%)	10	1	0.150627	6020	2
2018-02-06-3578	pfama1.013	22	0.0564103	39793(70.9%)	10	2	0.128473	5118	2
2018-02-06-3578	pfama1.022	10	0.025641	39793(70.9%)	10	3	0.110427	4414	2
2018-02-06-3578	pfama1.000	64	0.164103	39793(70.9%)	10	4	0.109881	4317	2
2018-02-06-3578	pfama1.011	24	0.0615385	39793(70.9%)	10	5	0.0947362	3794	2
2018-02-06-3578	pfama1.007	33	0.0846154	39793(70.9%)	10	6	0.0656914	2625	2
2018-02-06-3578	pfama1.012	22	0.0564103	39793(70.9%)	10	7	0.0485536	1904	2
2018-02-06-3578	pfama1.003	40	0.102564	39793(70.9%)	10	8	0.0414302	1639	2
2018-02-06-3578	pfama1.010	27	0.0692308	39793(70.9%)	10	9	0.0379629	1512	2
2018-02-06-3579	pfama1.032	5	0.0128205	87893(87.4%)	1	0	1	87893	2
2018-02-06-3602	pfama1.009	28	0.0717949	37055(73.9%)	8	0	0.279777	10350	2
2018-02-06-3602	pfama1.001	53	0.135897	37055(73.9%)	8	1	0.257222	9603	2
2018-02-06-3602	pfama1.020	11	0.0282051	37055(73.9%)	8	2	0.161427	5977	2
2018-02-06-3602	pfama1.000	64	0.164103	37055(73.9%)	8	3	0.143513	5299	2
2018-02-06-3602	pfama1.005	34	0.0871795	37055(73.9%)	8	4	0.086676	3149	2
2018-02-06-3602	pfama1.007	33	0.0846154	37055(73.9%)	8	5	0.0359303	1346	2
2018-02-06-3602	pfama1.023	10	0.025641	37055(73.9%)	8	6	0.0225766	857	2
2018-02-06-3602	pfama1.017	15	0.0384615	37055(73.9%)	8	7	0.0128785	474	2
2018-02-06-3614	pfama1.001	53	0.135897	250706(65.3%)	3	0	0.727918	179984	2
2018-02-06-3614	pfama1.040	3	0.00769231	250706(65.3%)	3	1	0.242969	64187	2
2018-02-06-3614	pfama1.065	1	0.0025641	250706(65.3%)	3	2	0.0291132	6535	2
2018-02-06-3616	pfama1.001	53	0.135897	42873(91.2%)	1	0	1	42873	2
2018-02-06-3617	pfama1.003	40	0.102564	93339(93%)	15	0	0.179791	16709	2
2018-02-06-3617	pfama1.008	32	0.0820513	93339(93%)	15	1	0.134754	12546	2
2018-02-06-3617	pfama1.015	20	0.0512821	93339(93%)	15	2	0.132124	12293	2
2018-02-06-3617	pfama1.001	53	0.135897	93339(93%)	15	3	0.129586	12103	2
2018-02-06-3617	pfama1.000	64	0.164103	93339(93%)	15	4	0.10333	9651	2
2018-02-06-3617	pfama1.017	15	0.0384615	93339(93%)	15	5	0.0574452	5398	2
2018-02-06-3617	pfama1.042	2	0.00512821	93339(93%)	15	6	0.0494886	4589	2
2018-02-06-3617	pfama1.002	50	0.128205	93339(93%)	15	7	0.0449587	4215	2
2018-02-06-3617	pfama1.006	34	0.0871795	93339(93%)	15	8	0.0423486	3927	2
2018-02-06-3617	pfama1.013	22	0.0564103	93339(93%)	15	9	0.0281258	2702	2
2018-02-06-3617	pfama1.009	28	0.0717949	93339(93%)	15	10	0.0235487	2199	2
2018-02-06-3617	pfama1.010	27	0.0692308	93339(93%)	15	11	0.0234667	2218	2
2018-02-06-3617	pfama1.036	5	0.0128205	93339(93%)	15	12	0.0199605	1848	2
2018-02-06-3617	pfama1.021	11	0.0282051	93339(93%)	15	13	0.0165763	1560	2
2018-02-06-3617	pfama1.004	38	0.0974359	93339(93%)	15	14	0.0144959	1381	2
2018-02-07-3630	pfama1.008	32	0.0820513	39498(89%)	1	0	1	39498	2
2018-02-07-3635	pfama1.007	33	0.0846154	119486(98.6%)	1	0	1	119486	2
2018-02-07-3642	pfama1.001	53	0.135897	48796(88.6%)	1	0	1	48796	2
2018-02-12-3122	pfama1.002	50	0.128205	68160(88.6%)	1	0	1	68160	2
2018-02-12-3154	pfama1.000	64	0.164103	48387(86.1%)	1	0	1	48387	2
2018-02-12-3190	pfama1.002	50	0.128205	69643(95.9%)	1	0	1	69643	2
2018-02-12-3202	pfama1.027	7	0.0179487	41673(92.6%)	1	0	1	41673	2
2018-02-12-3205	pfama1.027	7	0.0179487	38151(83.9%)	3	0	0.836306	32079	2
2018-02-12-3205	pfama1.028	7	0.0179487	38151(83.9%)	3	1	0.127423	4711	2
2018-02-12-3205	pfama1.000	64	0.164103	38151(83.9%)	3	2	0.0362713	1361	2
2018-02-12-3659	pfama1.018	15	0.0384615	52504(97.4%)	2	0	0.980667	51528	2
2018-02-12-3659	pfama1.029	7	0.0179487	52504(97.4%)	2	1	0.0193331	976	2
2018-02-12-3665	pfama1.001	53	0.135897	62413(94.5%)	1	0	1	62413	2
2018-02-13-3672	pfama1.003	40	0.102564	67005(77.2%)	2	0	0.849632	55356	2
2018-02-13-3672	pfama1.024	9	0.0230769	67005(77.2%)	2	1	0.150368	11649	2
2018-02-13-3677	pfama1.019	12	0.0307692	30556(78.6%)	1	0	1	30556	2
2018-02-13-3685	pfama1.029	7	0.0179487	42634(82.3%)	2	0	0.77292	32921	2
2018-02-13-3685	pfama1.030	7	0.0179487	42634(82.3%)	2	1	0.22708	9713	2
2018-02-14-3708	pfama1.005	34	0.0871795	112770(98.5%)	1	0	1	112770	2
2018-02-14-3709	pfama1.015	20	0.0512821	60105(94.3%)	1	0	1	60105	2
2018-02-14-3713	pfama1.022	10	0.025641	76608(87.1%)	1	0	1	76608	2
2018-02-14-3714	pfama1.011	24	0.0615385	37547(76.3%)	1	0	1	37547	2
2018-02-14-3728	pfama1.004	38	0.0974359	60386(76.2%)	1	0	1	60386	3
2018-02-19-3746	pfama1.001	53	0.135897	46260(92%)	1	0	1	46260	2
2018-02-19-3747	pfama1.002	50	0.128205	38777(91.9%)	1	0	1	38777	2
2018-02-19-3761	pfama1.007	33	0.0846154	47210(96.6%)	1	0	1	47210	2
2018-02-19-3762	pfama1.008	32	0.0820513	16200(80.9%)	9	0	0.808395	13096	1
2018-02-19-3762	pfama1.058	1	0.0025641	16200(80.9%)	9	1	0.0420988	682	1
2018-02-19-3762	pfama1.060	1	0.0025641	16200(80.9%)	9	2	0.0407407	660	1
2018-02-19-3762	pfama1.061	1	0.0025641	16200(80.9%)	9	3	0.0398148	645	1
2018-02-19-3762	pfama1.062	1	0.0025641	16200(80.9%)	9	4	0.0314815	510	1
2018-02-19-3762	pfama1.091	1	0.0025641	16200(80.9%)	9	5	0.0119136	193	1
2018-02-19-3762	pfama1.093	1	0.0025641	16200(80.9%)	9	6	0.0117901	191	1
2018-02-19-3762	pfama1.123	1	0.0025641	16200(80.9%)	9	7	0.00697531	113	1
2018-02-19-3762	pfama1.127	1	0.0025641	16200(80.9%)	9	8	0.00679012	110	1
2018-02-19-3766	pfama1.003	40	0.102564	52801(94.5%)	1	0	1	52801	2
2018-02-19-3777	pfama1.014	20	0.0512821	32374(64.5%)	1	0	1	32374	2
2018-02-20-3786	pfama1.005	34	0.0871795	33164(74.9%)	3	0	0.4306	14236	2
2018-02-20-3786	pfama1.004	38	0.0974359	33164(74.9%)	3	1	0.412982	13707	2
2018-02-20-3786	pfama1.008	32	0.0820513	33164(74.9%)	3	2	0.156418	5221	2
2018-02-20-3787	pfama1.003	40	0.102564	42571(93.4%)	1	0	1	42571	2
2018-02-20-3805	pfama1.002	50	0.128205	36110(89.6%)	1	0	1	36110	2
2018-02-21-3079	pfama1.012	22	0.0564103	80492(87.8%)	1	0	1	80492	2
2018-02-21-3093	pfama1.033	5	0.0128205	69112(88.9%)	2	0	0.993	68626	2
2018-02-21-3093	pfama1.122	1	0.0025641	69112(88.9%)	2	1	0.00700026	486	2
2018-02-21-3095	pfama1.007	33	0.0846154	42556(95.4%)	1	0	1	42556	2
2018-02-21-3096	pfama1.006	34	0.0871795	25625(59.6%)	4	0	0.626525	16027	2
2018-02-21-3096	pfama1.015	20	0.0512821	25625(59.6%)	4	1	0.250517	6498	2
2018-02-21-3096	pfama1.009	28	0.0717949	25625(59.6%)	4	2	0.0952498	2407	2
2018-02-21-3096	pfama1.013	22	0.0564103	25625(59.6%)	4	3	0.0277078	693	2
2018-02-21-3315	pfama1.019	12	0.0307692	48981(85%)	4	0	0.829082	40610	2
2018-02-21-3315	pfama1.015	20	0.0512821	48981(85%)	4	1	0.0740368	3628	2
2018-02-21-3315	pfama1.008	32	0.0820513	48981(85%)	4	2	0.073048	3576	2
2018-02-21-3315	pfama1.006	34	0.0871795	48981(85%)	4	3	0.0238331	1167	2
2018-02-21-3364	pfama1.016	16	0.0410256	58094(94.3%)	1	0	1	58094	2
2018-02-21-3505	pfama1.034	5	0.0128205	12382(80.5%)	5	0	0.932886	11551	1
2018-02-21-3505	pfama1.067	1	0.0025641	12382(80.5%)	5	1	0.027863	345	1
2018-02-21-3505	pfama1.071	1	0.0025641	12382(80.5%)	5	2	0.0213213	264	1
2018-02-21-3505	pfama1.101	1	0.0025641	12382(80.5%)	5	3	0.00920691	114	1
2018-02-21-3505	pfama1.103	1	0.0025641	12382(80.5%)	5	4	0.00872234	108	1
2018-02-21-3510	pfama1.025	8	0.0205128	90807(86.1%)	1	0	1	90807	2
2018-02-21-3816	pfama1.000	64	0.164103	45411(96.6%)	1	0	1	45411	2
2018-02-21-3818	pfama1.010	27	0.0692308	71874(96.2%)	1	0	1	71874	2
2018-02-26-3164	pfama1.000	64	0.164103	55826(95.1%)	2	0	0.561165	31675	2
2018-02-26-3164	pfama1.013	22	0.0564103	55826(95.1%)	2	1	0.438835	24151	2
2018-02-27-3285	pfama1.011	24	0.0615385	72498(93.5%)	3	0	0.45262	32843	2
2018-02-27-3285	pfama1.031	6	0.0153846	72498(93.5%)	3	1	0.449537	32545	2
2018-02-27-3285	pfama1.006	34	0.0871795	72498(93.5%)	3	2	0.097843	7110	2
2018-02-27-3523	pfama1.004	38	0.0974359	75565(88%)	1	0	1	75565	2
2018-02-27-3525	pfama1.014	20	0.0512821	81041(84.4%)	1	0	1	81041	2
2018-02-27-3527	pfama1.001	53	0.135897	12546(83%)	4	0	0.977682	12266	1
2018-02-27-3527	pfama1.099	1	0.0025641	12546(83%)	4	1	0.00996333	125	1
2018-02-27-3527	pfama1.133	1	0.0025641	12546(83%)	4	2	0.00629683	79	1
2018-02-27-3527	pfama1.140	1	0.0025641	12546(83%)	4	3	0.00605771	76	1
2018-02-28-3535	pfama1.034	5	0.0128205	386(87.1%)	9	0	0.606218	234	1
2018-02-28-3535	pfama1.000	64	0.164103	386(87.1%)	9	1	0.217617	84	1
2018-02-28-3535	pfama1.001	53	0.135897	386(87.1%)	9	2	0.0932642	36	1
2018-02-28-3535	pfama1.070	1	0.0025641	386(87.1%)	9	3	0.0233161	9	1
2018-02-28-3535	pfama1.086	1	0.0025641	386(87.1%)	9	4	0.0129534	5	1
2018-02-28-3535	pfama1.087	1	0.0025641	386(87.1%)	9	5	0.0129534	5	1
2018-02-28-3535	pfama1.085	1	0.0025641	386(87.1%)	9	6	0.0129534	5	1
2018-02-28-3535	pfama1.097	1	0.0025641	386(87.1%)	9	7	0.0103627	4	1
2018-02-28-3535	pfama1.096	1	0.0025641	386(87.1%)	9	8	0.0103627	4	1
2018-03-05-3541	pfama1.011	24	0.0615385	40067(90%)	3	0	0.980458	39284	1
2018-03-05-3541	pfama1.089	1	0.0025641	40067(90%)	3	1	0.0126288	506	1
2018-03-05-3541	pfama1.124	1	0.0025641	40067(90%)	3	2	0.00691342	277	1
2018-03-05-3542	pfama1.036	5	0.0128205	69547(97.2%)	6	0	0.759322	52795	2
2018-03-05-3542	pfama1.024	9	0.0230769	69547(97.2%)	6	1	0.180947	12585	2
2018-03-05-3542	pfama1.014	20	0.0512821	69547(97.2%)	6	2	0.0286327	1987	2
2018-03-05-3542	pfama1.004	38	0.0974359	69547(97.2%)	6	3	0.0143071	1001	2
2018-03-05-3542	pfama1.006	34	0.0871795	69547(97.2%)	6	4	0.0109332	770	2
2018-03-05-3542	pfama1.018	15	0.0384615	69547(97.2%)	6	5	0.00585866	409	2
2018-03-06-3577	pfama1.000	64	0.164103	48173(93.8%)	1	0	1	48173	2
2018-03-06-3578	pfama1.009	28	0.0717949	40293(74.1%)	8	0	0.339281	13765	2
2018-03-06-3578	pfama1.037	5	0.0128205	40293(74.1%)	8	1	0.315235	12349	2
2018-03-06-3578	pfama1.012	22	0.0564103	40293(74.1%)	8	2	0.155396	6449	2
2018-03-06-3578	pfama1.022	10	0.025641	40293(74.1%)	8	3	0.057996	2254	2
2018-03-06-3578	pfama1.013	22	0.0564103	40293(74.1%)	8	4	0.0430135	1783	2
2018-03-06-3578	pfama1.011	24	0.0615385	40293(74.1%)	8	5	0.0414611	1723	2
2018-03-06-3578	pfama1.020	11	0.0282051	40293(74.1%)	8	6	0.0291084	1218	2
2018-03-06-3578	pfama1.005	34	0.0871795	40293(74.1%)	8	7	0.0185089	752	2
2018-03-06-3595	pfama1.001	53	0.135897	76963(89.5%)	1	0	1	76963	2
2018-03-07-3642	pfama1.001	53	0.135897	512(88.7%)	1	0	1	512	2
2018-03-12-3190	pfama1.002	50	0.128205	68992(85.7%)	1	0	1	68992	2
2018-03-12-3202	pfama1.026	8	0.0205128	568(85.9%)	1	0	1	568	4
2018-03-12-3659	pfama1.012	22	0.0564103	42185(81.1%)	1	0	1	42185	2
2018-03-14-3709	pfama1.015	20	0.0512821	22233(89.2%)	3	0	0.986192	21926	1
2018-03-14-3709	pfama1.118	1	0.0025641	22233(89.2%)	3	1	0.00746638	166	1
2018-03-14-3709	pfama1.132	1	0.0025641	22233(89.2%)	3	2	0.00634192	141	1
2018-03-14-3714	pfama1.004	38	0.0974359	54741(84.6%)	1	0	1	54741	2
2018-03-14-3728	pfama1.049	1	0.0025641	984(88.7%)	6	0	0.547764	539	1
2018-03-14-3728	pfama1.000	64	0.164103	984(88.7%)	6	1	0.387195	381	1
2018-03-14-3728	pfama1.035	5	0.0128205	984(88.7%)	6	2	0.0426829	42	1
2018-03-14-3728	pfama1.098	1	0.0025641	984(88.7%)	6	3	0.0101626	10	1
2018-03-14-3728	pfama1.138	1	0.0025641	984(88.7%)	6	4	0.00609756	6	1
2018-03-14-3728	pfama1.139	1	0.0025641	984(88.7%)	6	5	0.00609756	6	1
2018-03-19-3746	pfama1.001	53	0.135897	61879(73.5%)	1	0	1	61879	3
2018-03-19-3747	pfama1.002	50	0.128205	73588(88.1%)	1	0	1	73588	2
2018-03-19-3761	pfama1.007	33	0.0846154	39969(91.6%)	1	0	1	39969	2
2018-03-19-3766	pfama1.003	40	0.102564	40995(89.6%)	1	0	1	40995	2
2018-03-19-3777	pfama1.014	20	0.0512821	36661(68.8%)	3	0	0.814293	30224	2
2018-03-19-3777	pfama1.007	33	0.0846154	36661(68.8%)	3	1	0.13751	4560	2
2018-03-19-3777	pfama1.056	1	0.0025641	36661(68.8%)	3	2	0.0481971	1877	2
2018-03-20-3786	pfama1.004	38	0.0974359	118530(95.9%)	2	0	0.621586	74063	2
2018-03-20-3786	pfama1.002	50	0.128205	118530(95.9%)	2	1	0.378414	44467	2
2018-03-20-3805	pfama1.002	50	0.128205	25226(90.8%)	1	0	1	25226	2
2018-03-20-3816	pfama1.000	64	0.164103	44596(93.1%)	1	0	1	44596	2
2018-03-20-3818	pfama1.010	27	0.0692308	45034(92.1%)	1	0	1	45034	2
2018-03-21-3095	pfama1.007	33	0.0846154	41037(90%)	1	0	1	41037	2
2018-03-21-3096	pfama1.006	34	0.0871795	44078(92.7%)	4	0	0.566656	24976	2
2018-03-21-3096	pfama1.026	8	0.0205128	44078(92.7%)	4	1	0.40977	18062	2
2018-03-21-3096	pfama1.013	22	0.0564103	44078(92.7%)	4	2	0.0134394	593	2
2018-03-21-3096	pfama1.009	28	0.0717949	44078(92.7%)	4	3	0.0101346	447	2
2018-03-21-3313	pfama1.016	16	0.0410256	51893(87.3%)	1	0	1	51893	2
2018-03-21-3315	pfama1.008	32	0.0820513	31355(98.4%)	2	0	0.958866	30049	2
2018-03-21-3315	pfama1.006	34	0.0871795	31355(98.4%)	2	1	0.0411336	1306	2
2018-03-21-3364	pfama1.016	16	0.0410256	55655(96.9%)	1	0	1	55655	2
2018-03-21-3505	pfama1.034	5	0.0128205	64907(90.7%)	1	0	1	64907	2
2018-03-21-3510	pfama1.025	8	0.0205128	44998(92%)	1	0	1	44998	2
2018-03-26-3164	pfama1.013	22	0.0564103	58426(94.2%)	2	0	0.661208	38618	2
2018-03-26-3164	pfama1.000	64	0.164103	58426(94.2%)	2	1	0.338792	19808	2
2018-03-27-3285	pfama1.006	34	0.0871795	36489(76.5%)	5	0	0.453866	16573	2
2018-03-27-3285	pfama1.011	24	0.0615385	36489(76.5%)	5	1	0.271886	9912	2
2018-03-27-3285	pfama1.002	50	0.128205	36489(76.5%)	5	2	0.12388	4521	2
2018-03-27-3285	pfama1.023	10	0.025641	36489(76.5%)	5	3	0.0971102	3537	2
2018-03-27-3285	pfama1.031	6	0.0153846	36489(76.5%)	5	4	0.0532584	1946	2
2018-03-27-3523	pfama1.004	38	0.0974359	69181(87.2%)	1	0	1	69181	2
2018-04-02-3542	pfama1.004	38	0.0974359	29876(94.1%)	2	0	0.990895	29602	2
2018-04-02-3542	pfama1.014	20	0.0512821	29876(94.1%)	2	1	0.00910499	274	2
2018-04-03-3604	pfama1.017	15	0.0384615	55200(83.2%)	13	0	0.265277	14641	2
2018-04-03-3604	pfama1.004	38	0.0974359	55200(83.2%)	13	1	0.180402	10028	2
2018-04-03-3604	pfama1.000	64	0.164103	55200(83.2%)	13	2	0.16347	8965	2
2018-04-03-3604	pfama1.002	50	0.128205	55200(83.2%)	13	3	0.113581	6230	2
2018-04-03-3604	pfama1.012	22	0.0564103	55200(83.2%)	13	4	0.0920005	5133	2
2018-04-03-3604	pfama1.030	7	0.0179487	55200(83.2%)	13	5	0.0663476	3686	2
2018-04-03-3604	pfama1.009	28	0.0717949	55200(83.2%)	13	6	0.0350832	1927	2
2018-04-03-3604	pfama1.003	40	0.102564	55200(83.2%)	13	7	0.0222318	1222	2
2018-04-03-3604	pfama1.008	32	0.0820513	55200(83.2%)	13	8	0.0150152	813	2
2018-04-03-3604	pfama1.043	2	0.00512821	55200(83.2%)	13	9	0.0145426	795	2
2018-04-03-3604	pfama1.005	34	0.0871795	55200(83.2%)	13	10	0.0143303	795	2
2018-04-03-3604	pfama1.036	5	0.0128205	55200(83.2%)	13	11	0.0102879	554	2
2018-04-03-3604	pfama1.001	53	0.135897	55200(83.2%)	13	12	0.0074308	411	2
2018-04-23-3164	pfama1.000	64	0.164103	22105(96.8%)	1	0	1	22105	2
2018-05-01-3604	pfama1.001	53	0.135897	24137(80.8%)	9	0	0.374076	9017	2
2018-05-01-3604	pfama1.000	64	0.164103	24137(80.8%)	9	1	0.187135	4559	2
2018-05-01-3604	pfama1.010	27	0.0692308	24137(80.8%)	9	2	0.103303	2447	2
2018-05-01-3604	pfama1.017	15	0.0384615	24137(80.8%)	9	3	0.0994386	2412	2
2018-05-01-3604	pfama1.005	34	0.0871795	24137(80.8%)	9	4	0.0795648	1929	2
2018-05-01-3604	pfama1.009	28	0.0717949	24137(80.8%)	9	5	0.0677838	1659	2
2018-05-01-3604	pfama1.015	20	0.0512821	24137(80.8%)	9	6	0.0409386	987	2
2018-05-01-3604	pfama1.043	2	0.00512821	24137(80.8%)	9	7	0.0351834	821	2
2018-05-01-3604	pfama1.021	11	0.0282051	24137(80.8%)	9	8	0.0125769	306	2
2018-05-21-3808	pfama1.000	64	0.164103	15377(71.6%)	4	0	0.453869	6982	2
2018-05-21-3808	pfama1.024	9	0.0230769	15377(71.6%)	4	1	0.302721	4653	2
2018-05-21-3808	pfama1.008	32	0.0820513	15377(71.6%)	4	2	0.17515	2693	2
2018-05-21-3808	pfama1.011	24	0.0615385	15377(71.6%)	4	3	0.0682604	1049	2
2018-05-28-3393	pfama1.003	40	0.102564	56740(98.3%)	1	0	1	56740	2
2018-06-07-3782	pfama1.013	22	0.0564103	32978(89.6%)	5	0	0.799676	26363	2
2018-06-07-3782	pfama1.010	27	0.0692308	32978(89.6%)	5	1	0.153036	5051	2
2018-06-07-3782	pfama1.001	53	0.135897	32978(89.6%)	5	2	0.0249679	842	2
2018-06-07-3782	pfama1.003	40	0.102564	32978(89.6%)	5	3	0.0139547	475	2
2018-06-07-3782	pfama1.017	15	0.0384615	32978(89.6%)	5	4	0.00836536	247	2
2018-06-13-3081	pfama1.002	50	0.128205	3867(94%)	1	0	1	3867	2
2018-06-19-3285	pfama1.002	50	0.128205	81(100%)	2	0	0.82716	67	1
2018-06-19-3285	pfama1.001	53	0.135897	81(100%)	2	1	0.17284	14	1
2018-06-20-3555	pfama1.009	28	0.0717949	66157(76.8%)	2	0	0.81959	54105	2
2018-06-20-3555	pfama1.012	22	0.0564103	66157(76.8%)	2	1	0.18041	12052	2
2018-06-25-3570	pfama1.000	64	0.164103	5385(98.6%)	1	0	1	5385	2
2018-06-25-3685	pfama1.005	34	0.0871795	37712(97.7%)	1	0	1	37712	2
2018-06-26-3604	pfama1.001	53	0.135897	11223(82.6%)	12	0	0.247164	2783	2
2018-06-26-3604	pfama1.000	64	0.164103	11223(82.6%)	12	1	0.198765	2236	2
2018-06-26-3604	pfama1.030	7	0.0179487	11223(82.6%)	12	2	0.156425	1752	2
2018-06-26-3604	pfama1.013	22	0.0564103	11223(82.6%)	12	3	0.134361	1514	2
2018-06-26-3604	pfama1.021	11	0.0282051	11223(82.6%)	12	4	0.0675478	753	2
2018-06-26-3604	pfama1.004	38	0.0974359	11223(82.6%)	12	5	0.0378499	419	2
2018-06-26-3604	pfama1.006	34	0.0871795	11223(82.6%)	12	6	0.035504	395	2
2018-06-26-3604	pfama1.017	15	0.0384615	11223(82.6%)	12	7	0.0352622	389	2
2018-06-26-3604	pfama1.011	24	0.0615385	11223(82.6%)	12	8	0.0270049	302	2
2018-06-26-3604	pfama1.002	50	0.128205	11223(82.6%)	12	9	0.0263957	300	2
2018-06-26-3604	pfama1.005	34	0.0871795	11223(82.6%)	12	10	0.0213389	240	2
2018-06-26-3604	pfama1.036	5	0.0128205	11223(82.6%)	12	11	0.0123822	140	2
2018-06-26-3825	pfama1.000	64	0.164103	24629(97.9%)	1	0	1	24629	2
2018-06-30-3046	pfama1.019	12	0.0307692	55208(98.9%)	1	0	1	55208	2
2018-07-11-3081	pfama1.002	50	0.128205	34042(96.7%)	1	0	1	34042	2
2018-07-11-3364	pfama1.016	16	0.0410256	9996(95.4%)	1	0	1	9996	2
2018-07-15-3149	pfama1.003	40	0.102564	40339(99.1%)	1	0	1	40339	2
2018-07-19-3441	pfama1.008	32	0.0820513	32417(73.6%)	3	0	0.420933	13615	2
2018-07-19-3441	pfama1.003	40	0.102564	32417(73.6%)	3	1	0.397469	12899	2
2018-07-19-3441	pfama1.005	34	0.0871795	32417(73.6%)	3	2	0.181598	5903	2
2018-08-01-3720	pfama1.000	64	0.164103	64992(95.5%)	2	0	0.961279	62476	2
2018-08-01-3720	pfama1.002	50	0.128205	64992(95.5%)	2	1	0.0387211	2516	2
2018-08-14-3285	pfama1.031	6	0.0153846	2153(94.8%)	4	0	0.723116	1541	2
2018-08-14-3285	pfama1.002	50	0.128205	2153(94.8%)	4	1	0.15761	459	2
2018-08-14-3285	pfama1.001	53	0.135897	2153(94.8%)	4	2	0.0846252	116	2
2018-08-14-3285	pfama1.011	24	0.0615385	2153(94.8%)	4	3	0.0346487	37	2
2018-08-20-3570	pfama1.000	64	0.164103	62374(97.7%)	1	0	1	62374	2
2018-08-22-3629	pfama1.005	34	0.0871795	59994(97.8%)	1	0	1	59994	2
2018-08-23-3081	pfama1.002	50	0.128205	7(100%)	1	0	1	7	1
ctrl-38x-7C1-10K	pfama1.014	20	0.0512821	25492(97.5%)	7	0	0.612012	15769	2
ctrl-38x-7C1-10K	pfama1.004	38	0.0974359	25492(97.5%)	7	1	0.0869445	2167	2
ctrl-38x-7C1-10K	pfama1.021	11	0.0282051	25492(97.5%)	7	2	0.082808	2060	2
ctrl-38x-7C1-10K	pfama1.008	32	0.0820513	25492(97.5%)	7	3	0.0781982	1962	2
ctrl-38x-7C1-10K	pfama1.018	15	0.0384615	25492(97.5%)	7	4	0.0524936	1317	2
ctrl-38x-7C1-10K	pfama1.003	40	0.102564	25492(97.5%)	7	5	0.048123	1229	2
ctrl-38x-7C1-10K	pfama1.038	5	0.0128205	25492(97.5%)	7	6	0.0394203	988	2
ctrl-38x-7C1-1K	pfama1.014	20	0.0512821	8693(94.5%)	7	0	0.446334	4258	2
ctrl-38x-7C1-1K	pfama1.018	15	0.0384615	8693(94.5%)	7	1	0.129467	809	2
ctrl-38x-7C1-1K	pfama1.021	11	0.0282051	8693(94.5%)	7	2	0.120263	889	2
ctrl-38x-7C1-1K	pfama1.008	32	0.0820513	8693(94.5%)	7	3	0.0964812	800	2
ctrl-38x-7C1-1K	pfama1.004	38	0.0974359	8693(94.5%)	7	4	0.0870281	873	2
ctrl-38x-7C1-1K	pfama1.003	40	0.102564	8693(94.5%)	7	5	0.0760138	651	2
ctrl-38x-7C1-1K	pfama1.038	5	0.0128205	8693(94.5%)	7	6	0.044413	413	2
ctrl-38x-7C3-10k	pfama1.014	20	0.0512821	21687(97.6%)	7	0	0.903594	19616	2
ctrl-38x-7C3-10k	pfama1.004	38	0.0974359	21687(97.6%)	7	1	0.0226824	490	2
ctrl-38x-7C3-10k	pfama1.008	32	0.0820513	21687(97.6%)	7	2	0.0214475	454	2
ctrl-38x-7C3-10k	pfama1.021	11	0.0282051	21687(97.6%)	7	3	0.020537	443	2
ctrl-38x-7C3-10k	pfama1.003	40	0.102564	21687(97.6%)	7	4	0.0112081	235	2
ctrl-38x-7C3-10k	pfama1.038	5	0.0128205	21687(97.6%)	7	5	0.0108492	239	2
ctrl-38x-7C3-10k	pfama1.018	15	0.0384615	21687(97.6%)	7	6	0.00968178	210	2
ctrl-38x-7C3-1k	pfama1.014	20	0.0512821	2178(92.9%)	5	0	0.897252	1963	2
ctrl-38x-7C3-1k	pfama1.021	11	0.0282051	2178(92.9%)	5	1	0.0405152	82	2
ctrl-38x-7C3-1k	pfama1.004	38	0.0974359	2178(92.9%)	5	2	0.0335463	71	2
ctrl-38x-7C3-1k	pfama1.008	32	0.0820513	2178(92.9%)	5	3	0.0162172	37	2
ctrl-38x-7C3-1k	pfama1.018	15	0.0384615	2178(92.9%)	5	4	0.0124695	25	2
ctrl-38x-DS6-10k	pfama1.018	15	0.0384615	26219(98.1%)	2	0	0.984269	25807	2
ctrl-38x-DS6-10k	pfama1.008	32	0.0820513	26219(98.1%)	2	1	0.0157315	412	2
ctrl-38x-DS6-1k	pfama1.018	15	0.0384615	18364(95.9%)	2	0	0.987426	18144	2
ctrl-38x-DS6-1k	pfama1.008	32	0.0820513	18364(95.9%)	2	1	0.0125742	220	2
ctrl-38x-QS5-10k	pfama1.021	11	0.0282051	42531(88.6%)	5	0	0.490954	20769	2
ctrl-38x-QS5-10k	pfama1.004	38	0.0974359	42531(88.6%)	5	1	0.290287	12458	2
ctrl-38x-QS5-10k	pfama1.018	15	0.0384615	42531(88.6%)	5	2	0.105617	4482	2
ctrl-38x-QS5-10k	pfama1.008	32	0.0820513	42531(88.6%)	5	3	0.0578183	2461	2
ctrl-38x-QS5-10k	pfama1.038	5	0.0128205	42531(88.6%)	5	4	0.0553241	2361	2
ctrl-38x-QS5-1k	pfama1.021	11	0.0282051	3288(97.6%)	5	0	0.410993	1519	2
ctrl-38x-QS5-1k	pfama1.004	38	0.0974359	3288(97.6%)	5	1	0.311037	792	2
ctrl-38x-QS5-1k	pfama1.008	32	0.0820513	3288(97.6%)	5	2	0.127659	384	2
ctrl-38x-QS5-1k	pfama1.018	15	0.0384615	3288(97.6%)	5	3	0.0831699	332	2
ctrl-38x-QS5-1k	pfama1.038	5	0.0128205	3288(97.6%)	5	4	0.0671413	261	2
