s_Sample	h_popUID	h_SampCnt	h_SampFrac	s_ReadCntTotUsed	s_COI	c_clusterID	c_AveragedFrac	c_ReadCnt	c_RepCnt
2017-10-04-3093	pfama1.033	5	1.0	26303(97%)	1	0	1.0	26303	2
2017-10-04-3096	pfama1.006	34	0.4146340303391334	70337(98.5%)	3	0	0.829525486020604	22668	2
2017-10-04-3096	pfama1.009	28	0.3414634030339133	70337(98.5%)	3	1	0.12912743641472488	3540	2
2017-10-04-3096	pfama1.015	20	0.2439025666269533	70337(98.5%)	3	2	0.04134707756467115	1155	2
2017-10-04-3313	pfama1.003	40	1.0	24645(97%)	1	0	1.0	24645	2
2017-10-04-3315	pfama1.006	34	0.5151514972451823	38549(85.6%)	2	0	0.6786782462281499	9385	2
2017-10-04-3315	pfama1.008	32	0.48484850275481767	38549(85.6%)	2	1	0.3213217537718501	4268	2
2017-10-04-3364	pfama1.016	16	1.0	9274(99.1%)	1	0	1.0	9274	2
2017-10-09-3001	pfama1.003	40	1.0	93965(91.4%)	1	0	1.0	93965	2
2017-10-09-3162	pfama1.041	2	1.0	10946(88%)	1	0	1.0	10754	1
2017-10-09-3163	pfama1.001	53	0.7260265702741385	104185(95.6%)	2	0	0.9130102285409659	62030	2
2017-10-09-3163	pfama1.015	20	0.27397342972586153	104185(95.6%)	2	1	0.08698977145903405	5948	2
2017-10-09-3164	pfama1.013	22	1.0	52493(97.4%)	1	0	1.0	5540	2
2017-10-10-3284	pfama1.006	34	1.0	40673(80.3%)	1	0	1.0	10843	2
2017-10-10-3285	pfama1.006	34	0.31481494855970793	70394(97.4%)	3	0	0.6909070984745878	45168	2
2017-10-10-3285	pfama1.002	50	0.4629626286007302	70394(97.4%)	3	1	0.279350669118418	18277	2
2017-10-10-3285	pfama1.011	24	0.2222224228395619	70394(97.4%)	3	2	0.02974223240699416	1947	2
2017-10-10-3523	pfama1.004	38	1.0	56906(94.9%)	1	0	1.0	56906	2
2017-10-11-3236	pfama1.013	22	1.0	71121(89.4%)	1	0	1.0	71121	2
2017-10-11-3529	pfama1.016	16	1.0	10550(87.2%)	1	0	1.0	9981	1
2017-10-11-3530	pfama1.017	15	1.0	44204(93.8%)	1	0	1.0	44204	2
2017-10-16-3540	pfama1.006	34	1.0	60029(98.3%)	1	0	1.0	60029	2
2017-10-16-3541	pfama1.011	24	1.0	42587(92.7%)	1	0	1.0	42587	2
2017-10-16-3542	pfama1.002	50	0.5050503060910946	48118(97.7%)	3	0	0.8013708024216003	38004	2
2017-10-16-3542	pfama1.006	34	0.34343460208157706	48118(97.7%)	3	1	0.14703431150188845	6804	2
2017-10-16-3542	pfama1.018	15	0.15151509182732842	48118(97.7%)	3	2	0.05159488607651132	2397	2
2017-10-16-3546	pfama1.010	27	1.0	45837(96.7%)	1	0	1.0	45837	2
2017-10-16-3547	pfama1.007	33	1.0	29111(80.2%)	1	0	1.0	28914	2
2017-10-16-3549	pfama1.010	27	1.0	46591(91.9%)	1	0	1.0	46591	2
2017-10-17-3578	pfama1.009	28	0.2258064820499401	36851(77.2%)	5	0	0.4847052053205039	11874	2
2017-10-17-3578	pfama1.013	22	0.1774194461498204	36851(77.2%)	5	1	0.2533813698063954	6761	2
2017-10-17-3578	pfama1.005	34	0.27419351795005986	36851(77.2%)	5	2	0.09348905377846689	2140	2
2017-10-17-3578	pfama1.029	7	0.05645154188347306	36851(77.2%)	5	3	0.08980787069493162	2198	2
2017-10-17-3578	pfama1.007	33	0.2661290119667066	36851(77.2%)	5	4	0.07861650039970225	1970	2
2017-10-17-3580	pfama1.006	34	0.5074626778792619	54369(94.3%)	2	0	0.9866243946497578	53618	2
2017-10-17-3580	pfama1.007	33	0.4925373221207382	54369(94.3%)	2	1	0.01337560535024214	751	2
2017-10-17-3595	pfama1.001	53	1.0	11716(81.5%)	1	0	1.0	10308	1
2017-10-17-3602	pfama1.017	15	0.18292665526471488	57590(97.4%)	3	0	0.8714817643689134	46680	2
2017-10-17-3602	pfama1.005	34	0.414634227543133	57590(97.4%)	3	1	0.11444847559035068	6883	2
2017-10-17-3602	pfama1.007	33	0.40243911719215203	57590(97.4%)	3	2	0.014069760040735787	664	2
2017-10-17-3604	pfama1.007	33	0.44000006239999756	41548(67.5%)	3	0	0.4846034144130533	9349	2
2017-10-17-3604	pfama1.017	15	0.19999979200000836	41548(67.5%)	3	1	0.3551578788336607	6844	2
2017-10-17-3604	pfama1.010	27	0.3600001455999942	41548(67.5%)	3	2	0.16023870675328597	1893	2
2017-10-17-3612	pfama1.009	28	0.24347868257145316	145498(95.7%)	3	0	0.9663330326750326	137167	2
2017-10-17-3612	pfama1.001	53	0.46086870411982983	145498(95.7%)	3	1	0.026982709524736928	3879	2
2017-10-17-3612	pfama1.005	34	0.29565261330871695	145498(95.7%)	3	2	0.006684257800230428	944	2
2017-10-17-3614	pfama1.001	53	1.0	39558(86.4%)	1	0	1.0	37963	2
2017-10-17-3615	pfama1.005	34	1.0	52094(96%)	1	0	1.0	52094	2
2017-10-17-3616	pfama1.001	53	1.0	45899(95.5%)	1	0	1.0	45899	2
2017-10-17-3617	pfama1.007	33	1.0	59227(95.4%)	1	0	1.0	59227	2
2017-10-18-3627	pfama1.006	34	1.0	10977(83.4%)	1	0	1.0	10616	1
2017-10-18-3630	pfama1.008	32	1.0	54680(96.3%)	1	0	1.0	54680	2
2017-10-18-3642	pfama1.001	53	1.0	70052(92.2%)	1	0	1.0	70052	3
2017-10-23-3122	pfama1.002	50	1.0	26834(84%)	1	0	1.0	26834	2
2017-10-23-3190	pfama1.002	50	1.0	44041(93.1%)	1	0	1.0	44041	2
2017-10-23-3659	pfama1.018	15	1.0	63168(75.6%)	1	0	1.0	34062	2
2017-10-23-3665	pfama1.001	53	1.0	71529(94.1%)	1	0	1.0	71529	2
2017-10-24-3673	pfama1.010	27	0.442623024187026	34716(75.1%)	2	0	0.6871659999999999	23422	2
2017-10-24-3673	pfama1.005	34	0.5573769758129739	34716(75.1%)	2	1	0.312834	11294	2
2017-10-24-3677	pfama1.001	53	1.0	36293(85%)	1	0	1.0	22562	2
2017-10-24-3685	pfama1.029	7	1.0	2782(97%)	1	0	1.0	2477	2
2017-10-25-3708	pfama1.005	34	1.0	125585(98.4%)	1	0	1.0	125585	2
2017-10-25-3709	pfama1.015	20	1.0	20229(98.9%)	1	0	1.0	20229	2
2017-10-25-3714	pfama1.004	38	0.6129030837669461	30255(97.7%)	2	0	0.9899313959725584	29927	2
2017-10-25-3714	pfama1.011	24	0.38709691623305387	30255(97.7%)	2	1	0.010068604027441613	328	2
2017-10-25-3718	pfama1.009	28	1.0	92908(91.5%)	1	0	1.0	92908	2
2017-10-25-3719	pfama1.005	34	0.6800002496000549	89326(98%)	2	0	0.859664	77938	2
2017-10-25-3719	pfama1.016	16	0.3199997503999451	89326(98%)	2	1	0.140336	11388	2
2017-10-25-3720	pfama1.006	34	0.34000025740015705	112486(97.9%)	3	0	0.45944004594400456	51605	2
2017-10-25-3720	pfama1.016	16	0.15999993759996192	112486(97.9%)	3	1	0.45758904575890463	51512	2
2017-10-25-3720	pfama1.002	50	0.49999980499988106	112486(97.9%)	3	2	0.08297090829709083	9369	2
2017-10-25-3728	pfama1.004	38	1.0	50928(89.9%)	1	0	1.0	50928	4
2017-10-30-3746	pfama1.009	28	0.34567982670484504	70041(89.5%)	2	0	0.8262120000000001	57854	2
2017-10-30-3746	pfama1.001	53	0.654320173295155	70041(89.5%)	2	1	0.173788	12187	2
2017-10-30-3747	pfama1.002	50	1.0	51636(90.7%)	1	0	1.0	51636	2
2017-10-30-3761	pfama1.007	33	1.0	193315(98.7%)	1	0	1.0	193315	2
2017-10-30-3762	pfama1.008	32	0.9696970055096353	15123(81.7%)	2	0	0.9912910183682685	14228	1
2017-10-30-3762	pfama1.106	1	0.03030299449036463	15123(81.7%)	2	1	0.008708981631731528	125	1
2017-10-30-3766	pfama1.003	40	1.0	39266(94.7%)	1	0	1.0	39266	2
2017-10-30-3773	pfama1.003	40	0.5555552546294917	146600(81.7%)	2	0	0.723303	106351	2
2017-10-30-3773	pfama1.008	32	0.44444474537050827	146600(81.7%)	2	1	0.27669699999999997	40249	2
2017-10-30-3777	pfama1.007	33	1.0	39214(85%)	1	0	1.0	39214	2
2017-10-31-3786	pfama1.003	40	0.20618544266123245	29499(98.3%)	5	0	0.6836282050884616	20173	2
2017-10-31-3786	pfama1.002	50	0.2577318033265405	29499(98.3%)	5	1	0.16967305090191528	4991	2
2017-10-31-3786	pfama1.008	32	0.16494855515999357	29499(98.3%)	5	2	0.07859992357997707	2317	2
2017-10-31-3786	pfama1.004	38	0.19587637155917842	29499(98.3%)	5	3	0.04357101307130392	1295	2
2017-10-31-3786	pfama1.005	34	0.17525782729305517	29499(98.3%)	5	4	0.02452780735834221	723	2
2017-10-31-3787	pfama1.003	40	1.0	75820(89.4%)	1	0	1.0	75820	2
2017-10-31-3805	pfama1.002	50	1.0	37907(96.7%)	1	0	1.0	37907	2
2017-10-31-3818	pfama1.010	27	1.0	45025(98.6%)	1	0	1.0	45025	2
2017-11-01-3093	pfama1.033	5	1.0	61649(86.5%)	1	0	1.0	61649	3
2017-11-01-3096	pfama1.006	34	0.32692296153851924	9069(98.8%)	4	0	0.8666792634432788	4609	1
2017-11-01-3096	pfama1.015	20	0.1923077788461106	9069(98.8%)	4	1	0.05283944191732035	281	1
2017-11-01-3096	pfama1.009	28	0.2692307403846298	9069(98.8%)	4	2	0.049830710918642676	265	1
2017-11-01-3096	pfama1.013	22	0.2115385192307404	9069(98.8%)	4	3	0.030650583720758115	163	1
2017-11-01-3313	pfama1.003	40	1.0	10334(93.8%)	1	0	1.0	10334	2
2017-11-01-3364	pfama1.016	16	1.0	73308(93.6%)	1	0	1.0	73308	2
2017-11-01-3505	pfama1.034	5	1.0	5757(87.4%)	1	0	1.0	5757	4
2017-11-01-3773	pfama1.008	32	0.44444474537050827	128842(80.3%)	2	0	0.504687	65042	2
2017-11-01-3773	pfama1.003	40	0.5555552546294917	128842(80.3%)	2	1	0.495313	63800	2
2017-11-06-3001	pfama1.003	40	1.0	18724(84.8%)	1	0	1.0	18724	2
2017-11-06-3055	pfama1.003	40	1.0	29(85.3%)	1	0	1.0	29	1
2017-11-06-3162	pfama1.041	2	1.0	15071(86.2%)	1	0	1.0	15071	2
2017-11-06-3163	pfama1.001	53	1.0	77350(98.3%)	1	0	1.0	77350	2
2017-11-06-3164	pfama1.013	22	1.0	83274(99.4%)	1	0	1.0	78996	2
2017-11-07-3284	pfama1.006	34	1.0	35375(97%)	1	0	1.0	32305	2
2017-11-07-3285	pfama1.011	24	0.4137932193816485	29(96.7%)	2	0	0.62069	18	1
2017-11-07-3285	pfama1.006	34	0.5862067806183515	29(96.7%)	2	1	0.37931	11	1
2017-11-07-3523	pfama1.004	38	1.0	30387(97.3%)	1	0	1.0	30387	2
2017-11-07-3527	pfama1.001	53	1.0	657(83.7%)	1	0	1.0	657	4
2017-11-08-3336	pfama1.005	34	1.0	18775(96%)	1	0	1.0	18775	4
2017-11-08-3529	pfama1.016	16	1.0	355(81.6%)	1	0	1.0	355	4
2017-11-13-3541	pfama1.011	24	1.0	66959(93.8%)	1	0	1.0	66959	2
2017-11-13-3547	pfama1.007	33	1.0	31579(95%)	1	0	1.0	31579	2
2017-11-13-3602	pfama1.017	15	0.11111114320991794	5055(96.2%)	4	0	0.6472399649051234	1590	2
2017-11-13-3602	pfama1.007	33	0.24444480395108067	5055(96.2%)	4	1	0.2659088172190996	680	2
2017-11-13-3602	pfama1.001	53	0.39259183934059294	5055(96.2%)	4	2	0.04553814192125607	112	2
2017-11-13-3602	pfama1.005	34	0.25185221349840853	5055(96.2%)	4	3	0.04131307595452084	103	2
2017-11-13-3604	pfama1.013	22	0.22222244107748754	4366(52.8%)	3	0	0.512869	1864	2
2017-11-13-3604	pfama1.010	27	0.2727274517906716	4366(52.8%)	3	1	0.34066700000000005	1806	2
2017-11-13-3604	pfama1.002	50	0.505050107131841	4366(52.8%)	3	2	0.14646400000000004	696	2
2017-11-13-3719	pfama1.016	16	0.3199997503999451	44534(99.2%)	2	0	0.957327712801686	42394	2
2017-11-13-3719	pfama1.005	34	0.6800002496000549	44534(99.2%)	2	1	0.042672287198313834	2140	2
2017-11-14-3578	pfama1.009	28	0.2616822259586068	4084(95%)	4	0	0.7070882456148015	792	2
2017-11-14-3578	pfama1.013	22	0.20560754135729417	4084(95%)	4	1	0.18062271494279986	205	2
2017-11-14-3578	pfama1.011	24	0.22429910289106506	4084(95%)	4	2	0.07118458238873383	80	2
2017-11-14-3578	pfama1.007	33	0.30841112979303403	4084(95%)	4	3	0.04110445705366491	48	2
2017-11-14-3580	pfama1.007	33	1.0	68325(90.9%)	1	0	1.0	68325	2
2017-11-14-3612	pfama1.009	28	1.0	35002(68.3%)	1	0	1.0	18924	2
2017-11-14-3614	pfama1.001	53	1.0	1273(93.4%)	1	0	1.0	1273	2
2017-11-14-3615	pfama1.005	34	1.0	1621(94.9%)	1	0	1.0	1621	2
2017-11-14-3616	pfama1.001	53	1.0	20759(99.2%)	1	0	1.0	20759	2
2017-11-14-3617	pfama1.007	33	1.0	4649(97.1%)	1	0	1.0	4649	2
2017-11-15-3627	pfama1.006	34	1.0	49822(93%)	1	0	1.0	49822	2
2017-11-15-3630	pfama1.008	32	1.0	15786(99.1%)	1	0	1.0	15786	2
2017-11-15-3642	pfama1.001	53	1.0	20003(95.1%)	1	0	1.0	20003	2
2017-11-17-3779	pfama1.009	28	1.0	201966(99%)	1	0	1.0	201966	2
2017-11-20-3190	pfama1.002	50	1.0	43552(97.5%)	1	0	1.0	43552	2
2017-11-20-3659	pfama1.018	15	1.0	8379(98.7%)	1	0	1.0	8379	2
2017-11-20-3661	pfama1.007	33	1.0	377873(78.2%)	1	0	1.0	377873	3
2017-11-20-3665	pfama1.001	53	1.0	122188(98.4%)	1	0	1.0	122188	2
2017-11-21-3672	pfama1.003	40	1.0	39262(96.6%)	1	0	1.0	1658	2
2017-11-21-3673	pfama1.005	34	1.0	48343(94.2%)	1	0	1.0	48343	2
2017-11-21-3677	pfama1.010	27	1.0	163(90.6%)	1	0	1.0	54	2
2017-11-21-3685	pfama1.029	7	1.0	26131(88.6%)	1	0	1.0	5158	2
2017-11-22-3708	pfama1.005	34	1.0	152795(98.7%)	1	0	1.0	152795	2
2017-11-22-3709	pfama1.015	20	1.0	70296(95.7%)	1	0	1.0	70296	2
2017-11-22-3714	pfama1.011	24	0.38709691623305387	10434(97.2%)	2	0	0.8354950000000001	8957	2
2017-11-22-3714	pfama1.004	38	0.6129030837669461	10434(97.2%)	2	1	0.16450499999999998	1477	2
2017-11-22-3719	pfama1.016	16	1.0	21284(93.2%)	1	0	1.0	21284	2
2017-11-22-3720	pfama1.002	50	0.7575757575757576	41802(91.7%)	2	0	0.663215	28706	2
2017-11-22-3720	pfama1.016	16	0.24242424242424243	41802(91.7%)	2	1	0.336785	13096	2
2017-11-22-3728	pfama1.004	38	1.0	48475(92.9%)	1	0	1.0	48475	2
2017-11-27-3746	pfama1.001	53	0.654320173295155	28580(95.2%)	2	0	0.711447	20407	2
2017-11-27-3746	pfama1.009	28	0.34567982670484504	28580(95.2%)	2	1	0.288553	8173	2
2017-11-27-3747	pfama1.002	50	1.0	8600(97.7%)	1	0	1.0	8600	2
2017-11-27-3758	pfama1.017	15	1.0	77539(86.5%)	1	0	1.0	77539	3
2017-11-27-3761	pfama1.007	33	1.0	7545(98.5%)	1	0	1.0	7545	2
2017-11-27-3766	pfama1.003	40	1.0	46873(87.6%)	1	0	1.0	22019	2
2017-11-27-3773	pfama1.015	20	1.0	42730(91.7%)	1	0	1.0	42730	2
2017-11-27-3777	pfama1.007	33	1.0	36167(79%)	1	0	1.0	16785	2
2017-11-27-3779	pfama1.009	28	1.0	80097(80.9%)	1	0	1.0	80097	3
2017-11-28-3783	pfama1.003	40	1.0	32887(89.4%)	1	0	1.0	32887	2
2017-11-28-3786	pfama1.005	34	0.33333346078434367	20820(87.9%)	3	0	0.5341043204625923	11297	2
2017-11-28-3786	pfama1.009	28	0.2745099763552885	20820(87.9%)	3	1	0.42688025612815367	8758	2
2017-11-28-3786	pfama1.003	40	0.39215656286036776	20820(87.9%)	3	2	0.03901542340925404	765	2
2017-11-28-3787	pfama1.003	40	1.0	99119(94.4%)	1	0	1.0	99119	2
2017-11-28-3805	pfama1.002	50	1.0	1411(97.6%)	1	0	1.0	1411	2
2017-11-28-3818	pfama1.010	27	1.0	50822(96.9%)	1	0	1.0	50822	2
2017-11-29-3093	pfama1.033	5	1.0	43295(95.2%)	1	0	1.0	43295	2
2017-11-29-3096	pfama1.006	34	0.4146340303391334	52372(90.6%)	3	0	0.9200269290556976	23444	2
2017-11-29-3096	pfama1.015	20	0.2439025666269533	52372(90.6%)	3	1	0.046569739538373095	1218	2
2017-11-29-3096	pfama1.009	28	0.3414634030339133	52372(90.6%)	3	2	0.033403331405929305	867	2
2017-11-29-3315	pfama1.015	20	1.0	2398(92.7%)	1	0	1.0	557	2
2017-11-29-3364	pfama1.016	16	1.0	50961(96.2%)	1	0	1.0	50961	2
2017-12-04-3001	pfama1.003	40	1.0	35571(91.4%)	1	0	1.0	35247	2
2017-12-04-3055	pfama1.003	40	1.0	67927(91.5%)	1	0	1.0	67927	2
2017-12-04-3164	pfama1.013	22	1.0	52943(95.6%)	1	0	1.0	26418	2
2017-12-05-3285	pfama1.001	53	0.47747659118458274	597(89.6%)	3	0	0.7007002793806627	402	2
2017-12-05-3285	pfama1.006	34	0.3063067652794126	597(89.6%)	3	1	0.14993289642027208	83	2
2017-12-05-3285	pfama1.011	24	0.2162166435360048	597(89.6%)	3	2	0.14936682419906525	87	2
2017-12-05-3523	pfama1.004	38	1.0	8(100%)	1	0	1.0	8	1
2017-12-05-3527	pfama1.001	53	1.0	49041(94.3%)	1	0	1.0	49041	2
2017-12-06-3336	pfama1.005	34	1.0	8135(95.7%)	1	0	1.0	7736	1
2017-12-11-3540	pfama1.010	27	1.0	47949(77.2%)	1	0	1.0	47949	2
2017-12-11-3542	pfama1.006	34	0.34343460208157695	26315(96.7%)	3	0	0.8855854836852668	22791	2
2017-12-11-3542	pfama1.018	15	0.1515150918273284	26315(96.7%)	3	1	0.0985739411643013	2708	2
2017-12-11-3542	pfama1.002	50	0.5050503060910945	26315(96.7%)	3	2	0.015840575150431902	456	2
2017-12-11-3546	pfama1.010	27	0.49090910380164754	37416(74.8%)	2	0	0.8319340000000001	32438	2
2017-12-11-3546	pfama1.009	28	0.5090908961983526	37416(74.8%)	2	1	0.16806600000000002	4978	2
2017-12-12-3575	pfama1.001	53	0.7260265702741385	107(93%)	2	0	0.6372553030565286	65	1
2017-12-12-3575	pfama1.015	20	0.27397342972586153	107(93%)	2	1	0.3627446969434715	37	1
2017-12-12-3578	pfama1.009	28	0.30434799196599877	8532(94.9%)	3	0	0.6642559180215781	1138	2
2017-12-12-3578	pfama1.003	40	0.4347822400755583	8532(94.9%)	3	1	0.18421316257089032	318	2
2017-12-12-3578	pfama1.011	24	0.2608697679584429	8532(94.9%)	3	2	0.15153091940753166	262	2
2017-12-12-3580	pfama1.007	33	1.0	24404(96.8%)	1	0	1.0	24404	2
2017-12-12-3604	pfama1.017	15	0.04178271164871995	67518(94.6%)	11	0	0.16326667270118003	7468	2
2017-12-12-3604	pfama1.006	34	0.09470758837225747	67518(94.6%)	11	1	0.15495859963339592	7078	2
2017-12-12-3604	pfama1.004	38	0.10584964481191612	67518(94.6%)	11	2	0.13135733143744924	5996	2
2017-12-12-3604	pfama1.013	22	0.06128141905328152	67518(94.6%)	11	3	0.12600967606070523	5738	2
2017-12-12-3604	pfama1.009	28	0.07799450371276949	67518(94.6%)	11	4	0.1214470506266536	5537	2
2017-12-12-3604	pfama1.003	40	0.11142056439658655	67518(94.6%)	11	5	0.08497656539696456	3862	2
2017-12-12-3604	pfama1.002	50	0.13927570549573315	67518(94.6%)	11	6	0.07582316663508672	3444	2
2017-12-12-3604	pfama1.001	53	0.14763192192000038	67518(94.6%)	11	7	0.05393136447211366	2448	2
2017-12-12-3604	pfama1.015	20	0.055710390833452195	67518(94.6%)	11	8	0.0516802737041932	2379	2
2017-12-12-3604	pfama1.008	32	0.08913656015242816	67518(94.6%)	11	9	0.02156899026542131	981	2
2017-12-12-3604	pfama1.010	27	0.07520898960285483	67518(94.6%)	11	10	0.01498030906683658	678	2
2017-12-12-3614	pfama1.001	53	1.0	335(95.7%)	1	0	1.0	335	2
2017-12-12-3617	pfama1.007	33	1.0	18579(97.5%)	1	0	1.0	18579	1
2017-12-13-3630	pfama1.008	32	1.0	9868(97.2%)	1	0	1.0	9868	2
2017-12-13-3637	pfama1.004	38	1.0	17749(94%)	1	0	1.0	17417	1
2017-12-13-3642	pfama1.001	53	1.0	28887(87.5%)	1	0	1.0	28887	3
2017-12-18-3122	pfama1.002	50	1.0	23(65.7%)	1	0	1.0	23	2
2017-12-18-3148	pfama1.002	50	1.0	20625(96.5%)	1	0	1.0	20625	2
2017-12-18-3190	pfama1.002	50	1.0	732(92.9%)	1	0	1.0	732	2
2017-12-18-3649	pfama1.001	53	1.0	18694(93.5%)	1	0	1.0	18000	1
2017-12-18-3659	pfama1.018	15	1.0	463(92%)	1	0	1.0	246	1
2017-12-18-3665	pfama1.001	53	1.0	211(87.2%)	1	0	1.0	211	2
2017-12-19-3673	pfama1.010	27	0.442623024187026	4286(95.2%)	2	0	0.675942	2848	2
2017-12-19-3673	pfama1.005	34	0.5573769758129739	4286(95.2%)	2	1	0.324058	1438	2
2017-12-19-3677	pfama1.001	53	0.6624991834358873	2754(95.9%)	2	0	0.7317788249773559	723	2
2017-12-19-3677	pfama1.010	27	0.33750081656411274	2754(95.9%)	2	1	0.2682211750226442	265	2
2017-12-19-3681	pfama1.005	34	1.0	18991(95%)	1	0	1.0	18201	1
2017-12-19-3685	pfama1.029	7	1.0	434(94.1%)	1	0	1.0	77	1
2017-12-20-3708	pfama1.005	34	1.0	120180(98.3%)	1	0	1.0	120180	2
2017-12-20-3709	pfama1.015	20	1.0	25904(97.9%)	1	0	1.0	25904	2
2017-12-20-3714	pfama1.004	38	0.6129030837669461	46713(92.7%)	2	0	0.8429530000000001	39390	2
2017-12-20-3714	pfama1.011	24	0.38709691623305387	46713(92.7%)	2	1	0.157047	7323	2
2017-12-20-3720	pfama1.002	50	1.0	40308(92.8%)	1	0	1.0	40308	2
2017-12-20-3728	pfama1.004	38	1.0	43449(93.8%)	1	0	1.0	43449	2
2017-12-27-3747	pfama1.002	50	1.0	80(94.1%)	1	0	1.0	80	2
2017-12-27-3758	pfama1.017	15	1.0	7027(93.3%)	1	0	1.0	6077	1
2017-12-27-3762	pfama1.008	32	1.0	221(90.2%)	1	0	1.0	221	2
2017-12-27-3766	pfama1.003	40	1.0	66(94.3%)	1	0	1.0	66	1
2017-12-27-3777	pfama1.007	33	1.0	27289(86.5%)	1	0	1.0	6719	2
2017-12-28-3786	pfama1.005	34	0.220779306291132	24461(96.9%)	4	0	0.8038737588378724	19643	2
2017-12-28-3786	pfama1.008	32	0.20779230317087802	24461(96.9%)	4	1	0.12154996353501095	2975	2
2017-12-28-3786	pfama1.004	38	0.24675331253163998	24461(96.9%)	4	2	0.04457658662702401	1108	2
2017-12-28-3786	pfama1.002	50	0.3246750780063498	24461(96.9%)	4	3	0.029999691000092702	735	2
2017-12-28-3787	pfama1.003	40	1.0	50023(94%)	1	0	1.0	50023	2
2017-12-28-3818	pfama1.010	27	1.0	29320(95.4%)	1	0	1.0	29320	2
2017-12-29-3093	pfama1.033	5	1.0	35323(89.1%)	1	0	1.0	35323	3
2017-12-29-3095	pfama1.007	33	1.0	576(95.8%)	1	0	1.0	576	2
2017-12-29-3096	pfama1.009	28	0.4516129640998802	3990(97.8%)	2	0	0.9471043552161234	2077	1
2017-12-29-3096	pfama1.006	34	0.5483870359001197	3990(97.8%)	2	1	0.05289564478387669	116	1
2017-12-29-3364	pfama1.016	16	1.0	96(96%)	1	0	1.0	96	2
2018-01-03-3164	pfama1.013	22	1.0	37668(98.5%)	1	0	1.0	5745	2
2018-01-04-3285	pfama1.011	24	0.2162166435360048	84046(95.9%)	3	0	0.7570128486502622	53173	2
2018-01-04-3285	pfama1.001	53	0.47747659118458274	84046(95.9%)	3	1	0.23412004231016217	16814	2
2018-01-04-3285	pfama1.006	34	0.3063067652794126	84046(95.9%)	3	2	0.008867109039575593	657	2
2018-01-04-3523	pfama1.004	38	1.0	45796(92.8%)	1	0	1.0	45796	2
2018-01-04-3527	pfama1.001	53	1.0	76742(90.4%)	1	0	1.0	76742	2
2018-01-08-3540	pfama1.010	27	1.0	12923(84.6%)	1	0	1.0	11081	1
2018-01-08-3541	pfama1.011	24	1.0	26098(81.3%)	1	0	1.0	25890	2
2018-01-08-3542	pfama1.006	34	0.4722222523148123	38245(87.3%)	2	0	0.5603113960690331	2798	2
2018-01-08-3542	pfama1.004	38	0.5277777476851877	38245(87.3%)	2	1	0.43968860393096687	2180	2
2018-01-08-3546	pfama1.010	27	0.49090910380164754	68982(71.8%)	2	0	0.703321	48488	2
2018-01-08-3546	pfama1.009	28	0.5090908961983526	68982(71.8%)	2	1	0.29667899999999997	20494	2
2018-01-09-3578	pfama1.003	40	0.5405402556609318	58703(80.1%)	2	0	0.6314176866411705	7725	2
2018-01-09-3578	pfama1.005	34	0.4594597443390682	58703(80.1%)	2	1	0.3685823133588294	4504	2
2018-01-09-3602	pfama1.017	15	0.11111114320991793	28885(79.6%)	4	0	0.6692922673972127	11968	2
2018-01-09-3602	pfama1.005	34	0.2518522134984085	28885(79.6%)	4	1	0.18904485748974276	3092	2
2018-01-09-3602	pfama1.001	53	0.3925918393405929	28885(79.6%)	4	2	0.07894086861484313	1366	2
2018-01-09-3602	pfama1.007	33	0.24444480395108062	28885(79.6%)	4	3	0.06272200649820132	1362	2
2018-01-09-3604	pfama1.017	15	0.07575750114784094	91091(91.8%)	7	0	0.5314866840650473	47816	2
2018-01-09-3604	pfama1.013	22	0.11111119865319999	91091(91.8%)	7	1	0.21984492158352678	19980	2
2018-01-09-3604	pfama1.010	27	0.1363636990358136	91091(91.8%)	7	2	0.12315435574131367	10878	2
2018-01-09-3604	pfama1.004	38	0.19191919987756362	91091(91.8%)	7	3	0.08426747237040573	7536	2
2018-01-09-3604	pfama1.003	40	0.20202000306090917	91091(91.8%)	7	4	0.017416576674926992	1551	2
2018-01-09-3604	pfama1.008	32	0.16161619941842728	91091(91.8%)	7	5	0.016127416393160246	1475	2
2018-01-09-3604	pfama1.011	24	0.12121219880624544	91091(91.8%)	7	6	0.007702573171619492	677	2
2018-01-09-3614	pfama1.001	53	1.0	48374(92.8%)	1	0	1.0	48374	2
2018-01-09-3615	pfama1.005	34	1.0	22409(92.3%)	1	0	1.0	21833	1
2018-01-09-3616	pfama1.001	53	1.0	57664(94.4%)	1	0	1.0	57664	2
2018-01-10-3630	pfama1.008	32	1.0	57132(97.3%)	1	0	1.0	57132	2
2018-01-10-3635	pfama1.007	33	1.0	38494(91.5%)	1	0	1.0	38227	2
2018-01-15-3122	pfama1.002	50	1.0	29603(62.7%)	1	0	1.0	29603	2
2018-01-15-3148	pfama1.002	50	1.0	10356(84.8%)	1	0	1.0	9982	1
2018-01-15-3190	pfama1.002	50	1.0	44785(96%)	1	0	1.0	44785	2
2018-01-15-3658	pfama1.002	50	1.0	42701(91.6%)	1	0	1.0	42701	2
2018-01-15-3665	pfama1.001	53	1.0	43399(91.2%)	1	0	1.0	43399	2
2018-01-16-3677	pfama1.010	27	0.20769273230837168	19360(62.2%)	3	0	0.6725924692221841	7861	2
2018-01-16-3677	pfama1.002	50	0.38461561538498457	19360(62.2%)	3	1	0.24563236067499838	2956	2
2018-01-16-3677	pfama1.001	53	0.40769165230664367	19360(62.2%)	3	2	0.0817751701028175	626	2
2018-01-16-3685	pfama1.029	7	1.0	63274(97.8%)	1	0	1.0	55051	2
2018-01-17-3709	pfama1.015	20	1.0	85072(90.2%)	1	0	1.0	85072	2
2018-01-17-3714	pfama1.004	38	0.6129030837669461	48042(89.4%)	2	0	0.685706	33060	2
2018-01-17-3714	pfama1.011	24	0.38709691623305387	48042(89.4%)	2	1	0.314294	14982	2
2018-01-17-3728	pfama1.004	38	1.0	52403(83.3%)	1	0	1.0	52403	2
2018-01-22-3746	pfama1.009	28	0.34567982670484504	33977(76.4%)	2	0	0.578017	20177	2
2018-01-22-3746	pfama1.001	53	0.654320173295155	33977(76.4%)	2	1	0.421983	13800	2
2018-01-22-3747	pfama1.002	50	1.0	55724(87.6%)	1	0	1.0	55404	2
2018-01-22-3761	pfama1.007	33	1.0	79023(95.1%)	1	0	1.0	79023	2
2018-01-22-3762	pfama1.008	32	1.0	76540(86.6%)	1	0	1.0	76540	2
2018-01-22-3766	pfama1.003	40	1.0	32946(79.3%)	1	0	1.0	20054	2
2018-01-22-3777	pfama1.007	33	1.0	61581(86.9%)	1	0	1.0	5264	2
2018-01-23-3805	pfama1.002	50	1.0	427579(74.9%)	1	0	1.0	427579	3
2018-01-23-3818	pfama1.010	27	1.0	38928(88.9%)	1	0	1.0	38928	2
2018-01-24-3095	pfama1.007	33	1.0	44989(94.7%)	1	0	1.0	44989	2
2018-01-24-3096	pfama1.013	22	0.28947375173126555	46745(82.2%)	3	0	0.8462040925474587	38020	2
2018-01-24-3096	pfama1.006	34	0.4473682454987097	46745(82.2%)	3	1	0.14405274544126306	6665	2
2018-01-24-3096	pfama1.015	20	0.2631580027700249	46745(82.2%)	3	2	0.009743162011278172	449	2
2018-01-24-3315	pfama1.008	32	0.3720929705246269	40550(85.2%)	3	0	0.9531129726237622	34157	2
2018-01-24-3315	pfama1.015	20	0.23255827663597006	40550(85.2%)	3	1	0.026509121737416496	1104	2
2018-01-24-3315	pfama1.006	34	0.395348752839403	40550(85.2%)	3	2	0.02037790563882129	738	2
2018-01-24-3364	pfama1.016	16	1.0	46190(93.3%)	1	0	1.0	46190	2
2018-01-24-3505	pfama1.034	5	1.0	59621(93.6%)	1	0	1.0	59621	2
2018-01-24-3786	pfama1.004	38	0.2345680290352743	47021(89.3%)	4	0	0.8988978471873659	42230	2
2018-01-24-3786	pfama1.005	34	0.20987668289902076	47021(89.3%)	4	1	0.07791988675361924	3686	2
2018-01-24-3786	pfama1.003	40	0.24691346136253556	47021(89.3%)	4	2	0.014004097619303404	667	2
2018-01-24-3786	pfama1.002	50	0.30864182670316936	47021(89.3%)	4	3	0.009178168439711363	438	2
2018-01-24-3787	pfama1.003	40	1.0	41701(92.4%)	1	0	1.0	41701	2
2018-01-29-3164	pfama1.013	22	1.0	44103(94.8%)	1	0	1.0	29906	2
2018-01-30-3285	pfama1.002	50	0.595237818877403	51907(95%)	2	0	0.6348981454698507	20121	2
2018-01-30-3285	pfama1.006	34	0.40476218112259704	51907(95%)	2	1	0.3651018545301493	9726	2
2018-01-30-3523	pfama1.004	38	1.0	48505(90.3%)	1	0	1.0	48505	2
2018-01-30-3677	pfama1.002	50	0.3846156153849847	42177(79%)	3	0	0.7647390867500902	22588	2
2018-01-30-3677	pfama1.001	53	0.4076916523066437	42177(79%)	3	1	0.1571235600112038	4625	2
2018-01-30-3677	pfama1.010	27	0.20769273230837174	42177(79%)	3	2	0.078137353238706	2336	2
2018-02-05-3540	pfama1.006	34	1.0	42969(50%)	1	0	1.0	42969	2
2018-02-05-3541	pfama1.011	24	1.0	86903(88.3%)	1	0	1.0	86903	2
2018-02-05-3542	pfama1.002	50	0.40983580354733895	54027(98.3%)	3	0	0.9611810071445966	49374	2
2018-02-05-3542	pfama1.004	38	0.31147553036822406	54027(98.3%)	3	1	0.023627296430542028	1208	2
2018-02-05-3542	pfama1.006	34	0.27868866608443693	54027(98.3%)	3	2	0.01519169642486128	783	2
2018-02-06-3546	pfama1.010	27	1.0	130331(85.2%)	1	0	1.0	108019	1
2018-02-06-3577	pfama1.050	1	1.0	37106(91.3%)	1	0	1.0	7017	1
2018-02-06-3578	pfama1.009	28	0.16091958402694675	39793(70.9%)	6	0	0.290269784959436	6020	2
2018-02-06-3578	pfama1.013	22	0.12643686405072332	39793(70.9%)	6	1	0.2475773273257359	5118	2
2018-02-06-3578	pfama1.011	24	0.1379311040427978	39793(70.9%)	6	2	0.18256392547069328	3794	2
2018-02-06-3578	pfama1.007	33	0.18965518400713297	39793(70.9%)	6	3	0.12659236758140502	2625	2
2018-02-06-3578	pfama1.003	40	0.22988479984148974	39793(70.9%)	6	4	0.07983917388533546	1639	2
2018-02-06-3578	pfama1.010	27	0.15517246403090953	39793(70.9%)	6	5	0.07315742077739432	1512	2
2018-02-06-3602	pfama1.009	28	0.17177938036833743	37055(73.9%)	5	0	0.4160353007760187	10350	2
2018-02-06-3602	pfama1.001	53	0.325152656441	37055(73.9%)	5	1	0.3824954593701737	9603	2
2018-02-06-3602	pfama1.005	34	0.20858919631925765	37055(73.9%)	5	2	0.12888935019698616	3149	2
2018-02-06-3602	pfama1.007	33	0.20245422699410429	37055(73.9%)	5	3	0.05342924245907486	1346	2
2018-02-06-3602	pfama1.017	15	0.09202453987730062	37055(73.9%)	5	4	0.01915064719774662	474	2
2018-02-06-3614	pfama1.001	53	1.0	250706(65.3%)	1	0	1.0	179984	2
2018-02-06-3616	pfama1.001	53	1.0	42873(91.2%)	1	0	1.0	42873	2
2018-02-06-3617	pfama1.003	40	0.11142056439658657	93339(93%)	11	0	0.22178769833290699	16709	2
2018-02-06-3617	pfama1.008	32	0.08913656015242817	93339(93%)	11	1	0.16623067618041248	12546	2
2018-02-06-3617	pfama1.015	20	0.0557103908334522	93339(93%)	11	2	0.16298634444736945	12293	2
2018-02-06-3617	pfama1.001	53	0.1476319219200004	93339(93%)	11	3	0.15985550264567236	12103	2
2018-02-06-3617	pfama1.017	15	0.04178271164871996	93339(93%)	11	4	0.0708636065669222	5398	2
2018-02-06-3617	pfama1.002	50	0.13927570549573318	93339(93%)	11	5	0.05546043235222933	4215	2
2018-02-06-3617	pfama1.006	34	0.09470758837225748	93339(93%)	11	6	0.0522406489847709	3927	2
2018-02-06-3617	pfama1.013	22	0.06128141905328153	93339(93%)	11	7	0.03469559903316448	2702	2
2018-02-06-3617	pfama1.009	28	0.0779945037127695	93339(93%)	11	8	0.029049351590080295	2199	2
2018-02-06-3617	pfama1.010	27	0.07520898960285484	93339(93%)	11	9	0.02894819752083713	2218	2
2018-02-06-3617	pfama1.004	38	0.10584964481191614	93339(93%)	11	10	0.017881942345634578	1381	2
2018-02-07-3630	pfama1.008	32	1.0	39498(89%)	1	0	1.0	39498	2
2018-02-07-3635	pfama1.007	33	1.0	119486(98.6%)	1	0	1.0	119486	2
2018-02-07-3642	pfama1.001	53	1.0	48796(88.6%)	1	0	1.0	48796	2
2018-02-12-3122	pfama1.002	50	1.0	68160(88.6%)	1	0	1.0	68160	2
2018-02-12-3190	pfama1.002	50	1.0	69643(95.9%)	1	0	1.0	69643	2
2018-02-12-3659	pfama1.018	15	0.6818181818181819	52504(97.4%)	2	0	0.9806669019333097	51528	2
2018-02-12-3659	pfama1.029	7	0.3181818181818181	52504(97.4%)	2	1	0.01933309806669019	976	2
2018-02-12-3665	pfama1.001	53	1.0	62413(94.5%)	1	0	1.0	62413	2
2018-02-13-3672	pfama1.003	40	1.0	67005(77.2%)	1	0	1.0	55356	2
2018-02-13-3685	pfama1.029	7	1.0	42634(82.3%)	1	0	1.0	32921	2
2018-02-14-3708	pfama1.005	34	1.0	112770(98.5%)	1	0	1.0	112770	2
2018-02-14-3709	pfama1.015	20	1.0	60105(94.3%)	1	0	1.0	60105	2
2018-02-14-3714	pfama1.011	24	1.0	37547(76.3%)	1	0	1.0	37547	2
2018-02-14-3728	pfama1.004	38	1.0	60386(76.2%)	1	0	1.0	60386	3
2018-02-19-3746	pfama1.001	53	1.0	46260(92%)	1	0	1.0	46260	2
2018-02-19-3747	pfama1.002	50	1.0	38777(91.9%)	1	0	1.0	38777	2
2018-02-19-3761	pfama1.007	33	1.0	47210(96.6%)	1	0	1.0	47210	2
2018-02-19-3762	pfama1.008	32	0.9142858097959075	16200(80.9%)	4	0	0.876103806588376	13096	1
2018-02-19-3762	pfama1.058	1	0.02857139673469751	16200(80.9%)	4	1	0.04562487265854283	682	1
2018-02-19-3762	pfama1.060	1	0.02857139673469751	16200(80.9%)	4	2	0.04415302216499985	660	1
2018-02-19-3762	pfama1.062	1	0.02857139673469751	16200(80.9%)	4	3	0.034118298588081276	510	1
2018-02-19-3766	pfama1.003	40	1.0	52801(94.5%)	1	0	1.0	52801	2
2018-02-20-3786	pfama1.005	34	0.32692308413461446	33164(74.9%)	3	0	0.4306	14236	2
2018-02-20-3786	pfama1.004	38	0.3653845793269276	33164(74.9%)	3	1	0.41298199999999996	13707	2
2018-02-20-3786	pfama1.008	32	0.307692336538458	33164(74.9%)	3	2	0.156418	5221	2
2018-02-20-3787	pfama1.003	40	1.0	42571(93.4%)	1	0	1.0	42571	2
2018-02-20-3805	pfama1.002	50	1.0	36110(89.6%)	1	0	1.0	36110	2
2018-02-21-3093	pfama1.033	5	1.0	69112(88.9%)	1	0	1.0	68626	2
2018-02-21-3095	pfama1.007	33	1.0	42556(95.4%)	1	0	1.0	42556	2
2018-02-21-3096	pfama1.006	34	0.32692296153851924	25625(59.6%)	4	0	0.6265252506101002	16027	2
2018-02-21-3096	pfama1.015	20	0.1923077788461106	25625(59.6%)	4	1	0.2505171002068401	6498	2
2018-02-21-3096	pfama1.009	28	0.2692307403846298	25625(59.6%)	4	2	0.09524983809993524	2407	2
2018-02-21-3096	pfama1.013	22	0.2115385192307404	25625(59.6%)	4	3	0.02770781108312443	693	2
2018-02-21-3315	pfama1.015	20	0.23255827663597006	48981(85%)	3	0	0.43317171577699	3628	2
2018-02-21-3315	pfama1.008	32	0.3720929705246269	48981(85%)	3	1	0.4273864820478136	3576	2
2018-02-21-3315	pfama1.006	34	0.395348752839403	48981(85%)	3	2	0.1394418021751964	1167	2
2018-02-21-3364	pfama1.016	16	1.0	58094(94.3%)	1	0	1.0	58094	2
2018-02-21-3505	pfama1.034	5	1.0	12382(80.5%)	1	0	1.0	11551	1
2018-02-21-3818	pfama1.010	27	1.0	71874(96.2%)	1	0	1.0	71874	2
2018-02-26-3164	pfama1.013	22	1.0	55826(95.1%)	1	0	1.0	24151	2
2018-02-27-3285	pfama1.011	24	0.4137932193816485	72498(93.5%)	2	0	0.8222532667954068	32843	2
2018-02-27-3285	pfama1.006	34	0.5862067806183515	72498(93.5%)	2	1	0.17774673320459325	7110	2
2018-02-27-3523	pfama1.004	38	1.0	75565(88%)	1	0	1.0	75565	2
2018-02-27-3527	pfama1.001	53	1.0	12546(83%)	1	0	1.0	12266	1
2018-02-28-3535	pfama1.034	5	0.08620707045236775	386(87.1%)	2	0	0.8666668000987016	234	1
2018-02-28-3535	pfama1.001	53	0.9137929295476321	386(87.1%)	2	1	0.13333319990129838	36	1
2018-03-05-3541	pfama1.011	24	1.0	40067(90%)	1	0	1.0	39284	1
2018-03-05-3542	pfama1.004	38	0.4367816658739654	69547(97.2%)	3	0	0.460050754108819	1001	2
2018-03-05-3542	pfama1.006	34	0.39080469560048575	69547(97.2%)	3	1	0.35156159562892136	770	2
2018-03-05-3542	pfama1.018	15	0.17241363852554883	69547(97.2%)	3	2	0.18838765026225957	409	2
2018-03-06-3578	pfama1.009	28	0.2592592458847796	40293(74.1%)	4	0	0.7671450003335109	13765	2
2018-03-06-3578	pfama1.013	22	0.203703770576102	40293(74.1%)	4	1	0.09725741044103697	1783	2
2018-03-06-3578	pfama1.011	24	0.22222226234566117	40293(74.1%)	4	2	0.09374729375746867	1723	2
2018-03-06-3578	pfama1.005	34	0.31481472119345727	40293(74.1%)	4	3	0.04185029546798353	752	2
2018-03-06-3595	pfama1.001	53	1.0	76963(89.5%)	1	0	1.0	76963	2
2018-03-07-3642	pfama1.001	53	1.0	512(88.7%)	1	0	1.0	512	2
2018-03-12-3190	pfama1.002	50	1.0	68992(85.7%)	1	0	1.0	68992	2
2018-03-14-3709	pfama1.015	20	1.0	22233(89.2%)	1	0	1.0	21926	1
2018-03-14-3714	pfama1.004	38	1.0	54741(84.6%)	1	0	1.0	54741	2
2018-03-14-3728	pfama1.049	1	1.0	984(88.7%)	1	0	1.0	539	1
2018-03-19-3746	pfama1.001	53	1.0	61879(73.5%)	1	0	1.0	61879	3
2018-03-19-3747	pfama1.002	50	1.0	73588(88.1%)	1	0	1.0	73588	2
2018-03-19-3761	pfama1.007	33	1.0	39969(91.6%)	1	0	1.0	39969	2
2018-03-19-3766	pfama1.003	40	1.0	40995(89.6%)	1	0	1.0	40995	2
2018-03-19-3777	pfama1.007	33	1.0	36661(68.8%)	1	0	1.0	4560	2
2018-03-20-3786	pfama1.004	38	0.4318184336261733	118530(95.9%)	2	0	0.621586	74063	2
2018-03-20-3786	pfama1.002	50	0.5681815663738268	118530(95.9%)	2	1	0.378414	44467	2
2018-03-20-3805	pfama1.002	50	1.0	25226(90.8%)	1	0	1.0	25226	2
2018-03-20-3818	pfama1.010	27	1.0	45034(92.1%)	1	0	1.0	45034	2
2018-03-21-3095	pfama1.007	33	1.0	41037(90%)	1	0	1.0	41037	2
2018-03-21-3096	pfama1.006	34	0.40476180527214795	44078(92.7%)	3	0	0.9600596377683276	24976	2
2018-03-21-3096	pfama1.013	22	0.2619048613945188	44078(92.7%)	3	1	0.022769767717669382	593	2
2018-03-21-3096	pfama1.009	28	0.3333333333333333	44078(92.7%)	3	2	0.017170594514003015	447	2
2018-03-21-3313	pfama1.016	16	1.0	51893(87.3%)	1	0	1.0	51893	2
2018-03-21-3315	pfama1.008	32	0.48484850275481767	31355(98.4%)	2	0	0.9588663835465534	30049	2
2018-03-21-3315	pfama1.006	34	0.5151514972451823	31355(98.4%)	2	1	0.041133616453446584	1306	2
2018-03-21-3364	pfama1.016	16	1.0	55655(96.9%)	1	0	1.0	55655	2
2018-03-21-3505	pfama1.034	5	1.0	64907(90.7%)	1	0	1.0	64907	2
2018-03-26-3164	pfama1.013	22	1.0	58426(94.2%)	1	0	1.0	38618	2
2018-03-27-3285	pfama1.006	34	0.31481494855970793	36489(76.5%)	3	0	0.5341912733983655	16573	2
2018-03-27-3285	pfama1.011	24	0.2222224228395619	36489(76.5%)	3	1	0.32000442544536933	9912	2
2018-03-27-3285	pfama1.002	50	0.4629626286007302	36489(76.5%)	3	2	0.1458043011562653	4521	2
2018-03-27-3523	pfama1.004	38	1.0	69181(87.2%)	1	0	1.0	69181	2
2018-04-02-3542	pfama1.004	38	1.0	29876(94.1%)	1	0	1.0	29602	2
2018-04-03-3604	pfama1.017	15	0.051724130975023715	55200(83.2%)	8	0	0.4060250588006789	14641	2
2018-04-03-3604	pfama1.004	38	0.13103459961960176	55200(83.2%)	8	1	0.27611791696136523	10028	2
2018-04-03-3604	pfama1.002	50	0.1724137699167457	55200(83.2%)	8	2	0.17384368868631625	6230	2
2018-04-03-3604	pfama1.009	28	0.0965518456362526	55200(83.2%)	8	3	0.05369729883448614	1927	2
2018-04-03-3604	pfama1.003	40	0.1379310159333966	55200(83.2%)	8	4	0.0340273295545597	1222	2
2018-04-03-3604	pfama1.008	32	0.11034494722959229	55200(83.2%)	8	5	0.0229818169796249	813	2
2018-04-03-3604	pfama1.005	34	0.11724149802626209	55200(83.2%)	8	6	0.021933529481000497	795	2
2018-04-03-3604	pfama1.001	53	0.18275819266312537	55200(83.2%)	8	7	0.011373360701968453	411	2
2018-05-01-3604	pfama1.001	53	0.299434301253862	24137(80.8%)	6	0	0.4889212562775714	9017	2
2018-05-01-3604	pfama1.010	27	0.15254255960945326	24137(80.8%)	6	1	0.13501810470931563	2447	2
2018-05-01-3604	pfama1.017	15	0.08474574403905469	24137(80.8%)	6	2	0.1299672933694835	2412	2
2018-05-01-3604	pfama1.005	34	0.19209057349434544	24137(80.8%)	6	3	0.1039920282816158	1929	2
2018-05-01-3604	pfama1.009	28	0.15819227587872356	24137(80.8%)	6	4	0.08859413769198678	1659	2
2018-05-01-3604	pfama1.015	20	0.1129945457245611	24137(80.8%)	6	5	0.0535071796700269	987	2
2018-05-21-3808	pfama1.008	32	0.5714284719388147	15377(71.6%)	2	0	0.7195666249264616	2693	2
2018-05-21-3808	pfama1.011	24	0.4285715280611854	15377(71.6%)	2	1	0.2804333750735383	1049	2
2018-05-28-3393	pfama1.003	40	1.0	56740(98.3%)	1	0	1.0	56740	2
2018-06-07-3782	pfama1.013	22	0.1401276717517431	32978(89.6%)	5	0	0.7996760319870413	26363	2
2018-06-07-3782	pfama1.010	27	0.1719748134207862	32978(89.6%)	5	1	0.15303600612144022	5051	2
2018-06-07-3782	pfama1.001	53	0.3375789564679966	32978(89.6%)	5	2	0.02496790099871604	842	2
2018-06-07-3782	pfama1.003	40	0.25477713335234486	32978(89.6%)	5	3	0.013954700558188022	475	2
2018-06-07-3782	pfama1.017	15	0.09554142500712932	32978(89.6%)	5	4	0.008365360334614413	247	2
2018-06-13-3081	pfama1.002	50	1.0	3867(94%)	1	0	1.0	3867	2
2018-06-19-3285	pfama1.002	50	0.48543744462366817	81(100%)	2	0	0.82716	67	1
2018-06-19-3285	pfama1.001	53	0.5145625553763319	81(100%)	2	1	0.17284000000000002	14	1
2018-06-20-3555	pfama1.009	28	1.0	66157(76.8%)	1	0	1.0	54105	2
2018-06-25-3685	pfama1.005	34	1.0	37712(97.7%)	1	0	1.0	37712	2
2018-06-26-3604	pfama1.001	53	0.19629580625479556	11223(82.6%)	8	0	0.43755087358284206	2783	2
2018-06-26-3604	pfama1.013	22	0.08148160238691728	11223(82.6%)	8	1	0.23785734542839668	1514	2
2018-06-26-3604	pfama1.004	38	0.14074084452682278	11223(82.6%)	8	2	0.06700513347422447	419	2
2018-06-26-3604	pfama1.006	34	0.1259260339918464	11223(82.6%)	8	3	0.0628522204515432	395	2
2018-06-26-3604	pfama1.017	15	0.05555553950616144	11223(82.6%)	8	4	0.06242416538999567	389	2
2018-06-26-3604	pfama1.011	24	0.08888900765440545	11223(82.6%)	8	5	0.04780638598670232	302	2
2018-06-26-3604	pfama1.002	50	0.18518513168720477	11223(82.6%)	8	6	0.04672792799044611	300	2
2018-06-26-3604	pfama1.005	34	0.1259260339918464	11223(82.6%)	8	7	0.03777594769584935	240	2
2018-07-11-3081	pfama1.002	50	1.0	34042(96.7%)	1	0	1.0	34042	2
2018-07-11-3364	pfama1.016	16	1.0	9996(95.4%)	1	0	1.0	9996	2
2018-07-15-3149	pfama1.003	40	1.0	40339(99.1%)	1	0	1.0	40339	2
2018-07-19-3441	pfama1.008	32	0.3018869382342856	32417(73.6%)	3	0	0.420933	13615	2
2018-07-19-3441	pfama1.003	40	0.37735821288707516	32417(73.6%)	3	1	0.397469	12899	2
2018-07-19-3441	pfama1.005	34	0.3207548488786393	32417(73.6%)	3	2	0.181598	5903	2
2018-08-01-3720	pfama1.002	50	1.0	64992(95.5%)	1	0	1.0	2516	2
2018-08-14-3285	pfama1.002	50	0.39370102920244876	2153(94.8%)	3	0	0.5692277521372677	459	2
2018-08-14-3285	pfama1.001	53	0.4173221696932661	2153(94.8%)	3	1	0.3056342387549439	116	2
2018-08-14-3285	pfama1.011	24	0.18897680110428527	2153(94.8%)	3	2	0.1251380091077885	37	2
2018-08-22-3629	pfama1.005	34	1.0	59994(97.8%)	1	0	1.0	59994	2
2018-08-23-3081	pfama1.002	50	1.0	7(100%)	1	0	1.0	7	1
ctrl-38x-7C1-10K	pfama1.004	38	0.30400012230404594	25492(97.5%)	4	0	0.32715506098939906	2167	2
ctrl-38x-7C1-10K	pfama1.008	32	0.25600015225605727	25492(97.5%)	4	1	0.2942444535337051	1962	2
ctrl-38x-7C1-10K	pfama1.018	15	0.11999992511997185	25492(97.5%)	4	2	0.19752309702802495	1317	2
ctrl-38x-7C1-10K	pfama1.003	40	0.3199998003199249	25492(97.5%)	4	3	0.1810773884488708	1229	2
ctrl-38x-7C1-1K	pfama1.018	15	0.11999992511997186	8693(94.5%)	4	0	0.332828521856983	809	2
ctrl-38x-7C1-1K	pfama1.008	32	0.25600015225605727	8693(94.5%)	4	1	0.24802996271627478	800	2
ctrl-38x-7C1-1K	pfama1.004	38	0.304000122304046	8693(94.5%)	4	2	0.22372831596485362	873	2
ctrl-38x-7C1-1K	pfama1.003	40	0.319999800319925	8693(94.5%)	4	3	0.19541319946188862	651	2
ctrl-38x-7C3-10k	pfama1.004	38	0.30400012230404594	21687(97.6%)	4	0	0.34885384109266443	490	2
ctrl-38x-7C3-10k	pfama1.008	32	0.25600015225605727	21687(97.6%)	4	1	0.3298611591734084	454	2
ctrl-38x-7C3-10k	pfama1.003	40	0.3199998003199249	21687(97.6%)	4	2	0.1723798511775955	235	2
ctrl-38x-7C3-10k	pfama1.018	15	0.11999992511997185	21687(97.6%)	4	3	0.1489051485563316	210	2
ctrl-38x-7C3-1k	pfama1.004	38	0.4470588721107306	2178(92.9%)	3	0	0.53904359423457	71	2
ctrl-38x-7C3-1k	pfama1.008	32	0.3764707015917048	2178(92.9%)	3	1	0.26058843378914726	37	2
ctrl-38x-7C3-1k	pfama1.018	15	0.17647042629756451	2178(92.9%)	3	2	0.20036797197628267	25	2
ctrl-38x-DS6-10k	pfama1.018	15	0.31914867134445474	26219(98.1%)	2	0	0.984268507865746	25807	2
ctrl-38x-DS6-10k	pfama1.008	32	0.6808513286555453	26219(98.1%)	2	1	0.01573149213425393	412	2
ctrl-38x-DS6-1k	pfama1.018	15	0.31914867134445474	18364(95.9%)	2	0	0.9874258025148394	18144	2
ctrl-38x-DS6-1k	pfama1.008	32	0.6808513286555453	18364(95.9%)	2	1	0.012574197485160503	220	2
ctrl-38x-QS5-10k	pfama1.004	38	0.44705887211073064	42531(88.6%)	3	0	0.6397900213412476	12458	2
ctrl-38x-QS5-10k	pfama1.018	15	0.17647042629756454	42531(88.6%)	3	1	0.23277894870937577	4482	2
ctrl-38x-QS5-10k	pfama1.008	32	0.37647070159170487	42531(88.6%)	3	2	0.12743102994937652	2461	2
ctrl-38x-QS5-1k	pfama1.004	38	0.4470588721107306	3288(97.6%)	3	0	0.5960094346076262	792	2
ctrl-38x-QS5-1k	pfama1.008	32	0.3764707015917048	3288(97.6%)	3	1	0.24462031337935664	384	2
ctrl-38x-QS5-1k	pfama1.018	15	0.17647042629756451	3288(97.6%)	3	2	0.15937025201301713	332	2
