s_Sample	h_popUID	h_SampCnt	h_SampFrac	s_ReadCntTotUsed	s_COI	c_clusterID	c_AveragedFrac	c_ReadCnt	c_RepCnt
2017-10-04-3079	pfama1.013	34	1.0	20486(95.8%)	1	0	1.0	20486	2
2017-10-04-3093	pfama1.035	6	1.0	26303(97%)	1	0	1.0	26303	2
2017-10-04-3096	pfama1.026	14	0.11023603166966303	70337(98.5%)	5	0	0.5599816640110015	39339	2
2017-10-04-3096	pfama1.010	37	0.29133838156116276	70337(98.5%)	5	1	0.3219948068031159	22668	2
2017-10-04-3096	pfama1.029	12	0.09448825054250118	70337(98.5%)	5	2	0.05185086888947866	3635	2
2017-10-04-3096	pfama1.012	36	0.28346475162750356	70337(98.5%)	5	3	0.05012306992615803	3540	2
2017-10-04-3096	pfama1.015	28	0.22047258459916944	70337(98.5%)	5	4	0.016049590370245777	1155	2
2017-10-04-3313	pfama1.003	62	1.0	24645(97%)	1	0	1.0	24645	2
2017-10-04-3315	pfama1.022	15	0.15957446059302546	38549(85.6%)	3	0	0.638904361095639	24896	2
2017-10-04-3315	pfama1.010	37	0.3936169088953821	38549(85.6%)	3	1	0.24506775493224506	9385	2
2017-10-04-3315	pfama1.008	42	0.4468086305115924	38549(85.6%)	3	2	0.11602788397211602	4268	2
2017-10-04-3364	pfama1.016	23	1.0	9274(99.1%)	1	0	1.0	9274	2
2017-10-04-3510	pfama1.029	12	1.0	62120(72.5%)	1	0	1.0	62120	3
2017-10-09-3001	pfama1.003	62	1.0	93965(91.4%)	1	0	1.0	93965	2
2017-10-09-3162	pfama1.047	2	1.0	10946(88%)	1	0	1.0	10754	1
2017-10-09-3163	pfama1.002	80	0.37558729220415343	104185(95.6%)	3	0	0.5951482975741488	62030	2
2017-10-09-3163	pfama1.000	104	0.4929571555243928	104185(95.6%)	3	1	0.34814717407358703	36207	2
2017-10-09-3163	pfama1.015	28	0.1314555522714537	104185(95.6%)	3	2	0.05670452835226417	5948	2
2017-10-09-3164	pfama1.000	104	0.7446804015386587	52493(97.4%)	2	0	0.8932640000000001	46953	2
2017-10-09-3164	pfama1.011	36	0.2553195984613413	52493(97.4%)	2	1	0.106736	5540	2
2017-10-10-3284	pfama1.013	34	0.47887333136287225	40673(80.3%)	2	0	0.733024	29830	2
2017-10-10-3284	pfama1.010	37	0.5211266686371278	40673(80.3%)	2	1	0.26697600000000005	10843	2
2017-10-10-3285	pfama1.010	37	0.197860644525442	70394(97.4%)	5	0	0.6418309358169064	45168	2
2017-10-10-3285	pfama1.001	90	0.4812841797013285	70394(97.4%)	5	1	0.2595079740492026	18277	2
2017-10-10-3285	pfama1.041	4	0.02139036865224004	70394(97.4%)	5	2	0.04346519565348043	3062	2
2017-10-10-3285	pfama1.007	42	0.22459869384333486	70394(97.4%)	5	3	0.027629597237040275	1947	2
2017-10-10-3285	pfama1.027	14	0.07486611327765458	70394(97.4%)	5	4	0.027566297243370275	1940	2
2017-10-10-3523	pfama1.005	56	1.0	56906(94.9%)	1	0	1.0	56906	2
2017-10-11-3236	pfama1.011	36	1.0	71121(89.4%)	1	0	1.0	71121	2
2017-10-11-3336	pfama1.070	1	1.0	4(100%)	1	0	1.0	4	1
2017-10-11-3529	pfama1.016	23	1.0	10550(87.2%)	1	0	1.0	9981	1
2017-10-11-3530	pfama1.019	17	1.0	44204(93.8%)	1	0	1.0	44204	2
2017-10-16-3540	pfama1.010	37	1.0	60029(98.3%)	1	0	1.0	60029	2
2017-10-16-3541	pfama1.007	42	1.0	42587(92.7%)	1	0	1.0	42587	2
2017-10-16-3542	pfama1.001	90	0.31358966191172244	48118(97.7%)	5	0	0.7870351810180917	38004	2
2017-10-16-3542	pfama1.010	37	0.12891978427563008	48118(97.7%)	5	1	0.14440403321292763	6804	2
2017-10-16-3542	pfama1.017	22	0.07665499439837226	48118(97.7%)	5	2	0.05067191165453968	2397	2
2017-10-16-3542	pfama1.000	104	0.3658530678167169	48118(97.7%)	5	3	0.009669292223937212	495	2
2017-10-16-3542	pfama1.014	33	0.11498249159755841	48118(97.7%)	5	4	0.008219581890503836	418	2
2017-10-16-3546	pfama1.009	41	1.0	45837(96.7%)	1	0	1.0	45837	2
2017-10-16-3547	pfama1.006	45	1.0	29111(80.2%)	1	0	1.0	28914	2
2017-10-16-3549	pfama1.009	41	1.0	46591(91.9%)	1	0	1.0	46591	2
2017-10-16-3557	pfama1.023	15	1.0	47808(95.5%)	1	0	1.0	47808	2
2017-10-17-3575	pfama1.000	104	0.990566046573529	14129(84.8%)	2	0	0.8351083588073428	11213	1
2017-10-17-3575	pfama1.076	1	0.009433953426471065	14129(84.8%)	2	1	0.16489164119265717	2214	1
2017-10-17-3577	pfama1.000	104	1.0	43734(94.3%)	1	0	1.0	43734	2
2017-10-17-3578	pfama1.012	36	0.14007786972276687	36851(77.2%)	9	0	0.3311790662358132	11874	2
2017-10-17-3578	pfama1.040	4	0.015564207746974097	36851(77.2%)	9	1	0.21814404362880874	8027	2
2017-10-17-3578	pfama1.011	36	0.14007786972276687	36851(77.2%)	9	2	0.17312503462500692	6761	2
2017-10-17-3578	pfama1.004	57	0.2295719998710002	36851(77.2%)	9	3	0.06387721277544255	2140	2
2017-10-17-3578	pfama1.037	6	0.023346285861714066	36851(77.2%)	9	4	0.06349071269814253	2420	2
2017-10-17-3578	pfama1.020	17	0.0661479473215076	36851(77.2%)	9	5	0.061362012272402455	2198	2
2017-10-17-3578	pfama1.006	45	0.1750971439628555	36851(77.2%)	9	6	0.05371541074308214	1970	2
2017-10-17-3578	pfama1.013	34	0.13229563705554442	36851(77.2%)	9	7	0.024859804971960994	1053	2
2017-10-17-3578	pfama1.018	20	0.07782103873487048	36851(77.2%)	9	8	0.01024670204934041	408	2
2017-10-17-3579	pfama1.030	9	1.0	78912(89.9%)	1	0	1.0	78912	2
2017-10-17-3580	pfama1.010	37	0.4512194531231078	54369(94.3%)	2	0	0.9866243946497578	53618	2
2017-10-17-3580	pfama1.006	45	0.5487805468768922	54369(94.3%)	2	1	0.01337560535024214	751	2
2017-10-17-3595	pfama1.002	80	1.0	11716(81.5%)	1	0	1.0	10308	1
2017-10-17-3602	pfama1.019	17	0.0708334999827604	57590(97.4%)	5	0	0.8215108356978329	46680	2
2017-10-17-3602	pfama1.004	57	0.24583360342033575	57590(97.4%)	5	1	0.1078859784228043	6883	2
2017-10-17-3602	pfama1.027	14	0.058333275868013644	57590(97.4%)	5	2	0.03053529389294122	1842	2
2017-10-17-3602	pfama1.000	104	0.43749956901010234	57590(97.4%)	5	3	0.02680489463902107	1521	2
2017-10-17-3602	pfama1.006	45	0.1875000517187877	57590(97.4%)	5	4	0.013262997347400527	664	2
2017-10-17-3604	pfama1.014	33	0.24264692997400675	41548(67.5%)	4	0	0.3381	23462	2
2017-10-17-3604	pfama1.006	45	0.3308823099913356	41548(67.5%)	4	1	0.320759	9349	2
2017-10-17-3604	pfama1.019	17	0.12500024338243168	41548(67.5%)	4	2	0.235079	6844	2
2017-10-17-3604	pfama1.009	41	0.30147051665222596	41548(67.5%)	4	3	0.10606199999999999	1893	2
2017-10-17-3612	pfama1.012	36	0.1285715501633013	145498(95.7%)	4	0	0.9431327359228339	137167	2
2017-10-17-3612	pfama1.002	80	0.2857145559184473	145498(95.7%)	4	1	0.02633489262623006	3879	2
2017-10-17-3612	pfama1.000	104	0.374999468035557	145498(95.7%)	4	2	0.02400859327759388	3508	2
2017-10-17-3612	pfama1.004	57	0.2107144258826945	145498(95.7%)	4	3	0.006523778173342111	944	2
2017-10-17-3614	pfama1.002	80	0.9523809523809523	39558(86.4%)	2	0	0.9590885204557397	37963	2
2017-10-17-3614	pfama1.040	4	0.047619047619047616	39558(86.4%)	2	1	0.04091147954426023	1595	2
2017-10-17-3615	pfama1.004	57	1.0	52094(96%)	1	0	1.0	52094	2
2017-10-17-3616	pfama1.002	80	1.0	45899(95.5%)	1	0	1.0	45899	2
2017-10-17-3617	pfama1.006	45	1.0	59227(95.4%)	1	0	1.0	59227	2
2017-10-18-3627	pfama1.010	37	1.0	10977(83.4%)	1	0	1.0	10616	1
2017-10-18-3630	pfama1.008	42	1.0	54680(96.3%)	1	0	1.0	54680	2
2017-10-18-3642	pfama1.002	80	1.0	70052(92.2%)	1	0	1.0	70052	3
2017-10-23-3122	pfama1.001	90	1.0	26834(84%)	1	0	1.0	26834	2
2017-10-23-3154	pfama1.000	104	1.0	124119(98.4%)	1	0	1.0	124119	2
2017-10-23-3190	pfama1.001	90	1.0	44041(93.1%)	1	0	1.0	44041	2
2017-10-23-3202	pfama1.021	15	0.35714274455780753	35434(81.4%)	3	0	0.5701884298115703	20323	2
2017-10-23-3202	pfama1.028	13	0.309524447505757	35434(81.4%)	3	1	0.31094868905131096	10978	2
2017-10-23-3202	pfama1.026	14	0.3333328079364354	35434(81.4%)	3	2	0.11886288113711889	4133	2
2017-10-23-3205	pfama1.028	13	0.4642863053567587	54222(92.2%)	2	0	0.767131	41506	2
2017-10-23-3205	pfama1.021	15	0.5357136946432414	54222(92.2%)	2	1	0.232869	12716	2
2017-10-23-3649	pfama1.000	104	1.0	350(84.7%)	1	0	1.0	350	2
2017-10-23-3659	pfama1.017	22	0.3928570161989121	63168(75.6%)	2	0	0.533602	34062	2
2017-10-23-3659	pfama1.013	34	0.6071429838010878	63168(75.6%)	2	1	0.466398	29106	2
2017-10-23-3665	pfama1.002	80	1.0	71529(94.1%)	1	0	1.0	71529	2
2017-10-24-3672	pfama1.025	14	1.0	11(100%)	1	0	1.0	11	1
2017-10-24-3673	pfama1.009	41	0.4099997749199973	34716(75.1%)	2	0	0.6871659999999999	23422	2
2017-10-24-3673	pfama1.004	57	0.5900002250800026	34716(75.1%)	2	1	0.312834	11294	2
2017-10-24-3677	pfama1.002	80	0.6250003232421446	36293(85%)	3	0	0.621633	22562	2
2017-10-24-3677	pfama1.022	15	0.11718743131104425	36293(85%)	3	1	0.254805	9247	2
2017-10-24-3677	pfama1.014	33	0.25781224544681114	36293(85%)	3	2	0.12356199999999999	4484	2
2017-10-24-3684	pfama1.014	33	1.0	25054(89.2%)	1	0	1.0	25054	3
2017-10-24-3685	pfama1.020	17	0.6538459579885424	2782(97%)	2	0	0.891935	2477	2
2017-10-24-3685	pfama1.032	9	0.3461540420114577	2782(97%)	2	1	0.10806500000000001	305	2
2017-10-25-3708	pfama1.004	57	1.0	125585(98.4%)	1	0	1.0	125585	2
2017-10-25-3709	pfama1.015	28	1.0	20229(98.9%)	1	0	1.0	20229	2
2017-10-25-3713	pfama1.018	20	1.0	25537(94.7%)	1	0	1.0	25537	4
2017-10-25-3714	pfama1.005	56	0.5714284749270786	30255(97.7%)	2	0	0.9899313959725584	29927	2
2017-10-25-3714	pfama1.007	42	0.42857152507292134	30255(97.7%)	2	1	0.010068604027441613	328	2
2017-10-25-3718	pfama1.012	36	1.0	92908(91.5%)	1	0	1.0	92908	2
2017-10-25-3719	pfama1.004	57	0.7195122837299008	89326(98%)	2	0	0.859664	77938	2
2017-10-25-3719	pfama1.016	23	0.28048771627009916	89326(98%)	2	1	0.140336	11388	2
2017-10-25-3720	pfama1.010	37	0.24666617237398186	112486(97.9%)	3	0	0.45944004594400456	51605	2
2017-10-25-3720	pfama1.016	23	0.15333312149361128	112486(97.9%)	3	1	0.45758904575890463	51512	2
2017-10-25-3720	pfama1.001	90	0.600000706132407	112486(97.9%)	3	2	0.08297090829709083	9369	2
2017-10-25-3728	pfama1.005	56	1.0	50928(89.9%)	1	0	1.0	50928	4
2017-10-30-3746	pfama1.012	36	0.3103448275862069	70041(89.5%)	2	0	0.8262120000000001	57854	2
2017-10-30-3746	pfama1.002	80	0.6896551724137931	70041(89.5%)	2	1	0.173788	12187	2
2017-10-30-3747	pfama1.001	90	1.0	51636(90.7%)	1	0	1.0	51636	2
2017-10-30-3761	pfama1.006	45	1.0	193315(98.7%)	1	0	1.0	193315	2
2017-10-30-3762	pfama1.008	42	1.0	15123(81.7%)	1	0	1.0	14228	1
2017-10-30-3766	pfama1.003	62	1.0	39266(94.7%)	1	0	1.0	39266	2
2017-10-30-3773	pfama1.003	62	0.6074766412961838	146600(81.7%)	2	0	0.723303	106351	2
2017-10-30-3773	pfama1.008	42	0.3925233587038162	146600(81.7%)	2	1	0.27669699999999997	40249	2
2017-10-30-3777	pfama1.006	45	1.0	39214(85%)	1	0	1.0	39214	2
2017-10-31-3785	pfama1.031	9	1.0	79561(89.7%)	1	0	1.0	79561	2
2017-10-31-3786	pfama1.003	62	0.2569167829962936	29499(98.3%)	4	0	0.7008177272969114	20173	2
2017-10-31-3786	pfama1.001	90	0.3557318561760238	29499(98.3%)	4	1	0.17393940307250266	4991	2
2017-10-31-3786	pfama1.008	42	0.16600776344899137	29499(98.3%)	4	2	0.080576283130247	2317	2
2017-10-31-3786	pfama1.005	56	0.22134359737869122	29499(98.3%)	4	3	0.044666586500338966	1295	2
2017-10-31-3787	pfama1.003	62	1.0	75820(89.4%)	1	0	1.0	75820	2
2017-10-31-3805	pfama1.001	90	1.0	37907(96.7%)	1	0	1.0	37907	2
2017-10-31-3816	pfama1.000	104	1.0	13100(98%)	1	0	1.0	13100	2
2017-10-31-3818	pfama1.009	41	1.0	45025(98.6%)	1	0	1.0	45025	2
2017-11-01-3079	pfama1.013	34	1.0	59388(96.3%)	1	0	1.0	59388	2
2017-11-01-3093	pfama1.035	6	1.0	61649(86.5%)	1	0	1.0	61649	3
2017-11-01-3096	pfama1.010	37	0.2450329180562454	9069(98.8%)	5	0	0.5082147967140813	4609	1
2017-11-01-3096	pfama1.026	14	0.09271506339197366	9069(98.8%)	5	1	0.4136068345572661	3751	1
2017-11-01-3096	pfama1.015	28	0.18543056519449866	9069(98.8%)	5	2	0.030984687606124953	281	1
2017-11-01-3096	pfama1.012	36	0.23841072667864113	9069(98.8%)	5	3	0.029220388311844675	265	1
2017-11-01-3096	pfama1.011	36	0.23841072667864113	9069(98.8%)	5	4	0.017973292810682877	163	1
2017-11-01-3313	pfama1.003	62	1.0	10334(93.8%)	1	0	1.0	10334	2
2017-11-01-3364	pfama1.016	23	1.0	73308(93.6%)	1	0	1.0	73308	2
2017-11-01-3505	pfama1.033	7	1.0	5757(87.4%)	1	0	1.0	5757	4
2017-11-01-3510	pfama1.029	12	1.0	33953(88.7%)	1	0	1.0	33953	2
2017-11-01-3773	pfama1.008	42	0.3925233587038162	128842(80.3%)	2	0	0.504687	65042	2
2017-11-01-3773	pfama1.003	62	0.6074766412961838	128842(80.3%)	2	1	0.495313	63800	2
2017-11-06-3001	pfama1.003	62	1.0	18724(84.8%)	1	0	1.0	18724	2
2017-11-06-3055	pfama1.003	62	1.0	29(85.3%)	1	0	1.0	29	1
2017-11-06-3162	pfama1.047	2	1.0	15071(86.2%)	1	0	1.0	15071	2
2017-11-06-3163	pfama1.002	80	1.0	77350(98.3%)	1	0	1.0	77350	2
2017-11-06-3164	pfama1.011	36	1.0	83274(99.4%)	1	0	1.0	78996	2
2017-11-07-3284	pfama1.010	37	0.725490399692624	35375(97%)	2	0	0.9324236270305493	32305	2
2017-11-07-3284	pfama1.027	14	0.274509600307376	35375(97%)	2	1	0.06757637296945081	3070	2
2017-11-07-3285	pfama1.007	42	0.5316457075148762	29(96.7%)	2	0	0.62069	18	1
2017-11-07-3285	pfama1.010	37	0.4683542924851238	29(96.7%)	2	1	0.37931	11	1
2017-11-07-3523	pfama1.005	56	1.0	30387(97.3%)	1	0	1.0	30387	2
2017-11-07-3527	pfama1.002	80	1.0	657(83.7%)	1	0	1.0	657	4
2017-11-08-3336	pfama1.004	57	1.0	18775(96%)	1	0	1.0	18775	4
2017-11-08-3529	pfama1.016	23	1.0	355(81.6%)	1	0	1.0	355	4
2017-11-13-3541	pfama1.007	42	1.0	66959(93.8%)	1	0	1.0	66959	2
2017-11-13-3542	pfama1.000	104	0.8823529411764706	94(83.2%)	2	0	0.580483	54	2
2017-11-13-3542	pfama1.025	14	0.11764705882352941	94(83.2%)	2	1	0.41951700000000003	40	2
2017-11-13-3547	pfama1.006	45	1.0	31579(95%)	1	0	1.0	31579	2
2017-11-13-3557	pfama1.023	15	1.0	119407(99.5%)	1	0	1.0	119407	2
2017-11-13-3602	pfama1.000	104	0.31343241995083015	5055(96.2%)	7	0	0.34830906966181396	1745	2
2017-11-13-3602	pfama1.019	17	0.05074637070710124	5055(96.2%)	7	1	0.3160320632064127	1590	2
2017-11-13-3602	pfama1.023	15	0.04477611645355198	5055(96.2%)	7	2	0.1302120260424052	652	2
2017-11-13-3602	pfama1.006	45	0.13432834936065596	5055(96.2%)	7	3	0.12983702596740518	680	2
2017-11-13-3602	pfama1.027	14	0.041790989326777356	5055(96.2%)	7	4	0.03320240664048133	173	2
2017-11-13-3602	pfama1.002	80	0.2388062179016331	5055(96.2%)	7	5	0.02223520444704089	112	2
2017-11-13-3602	pfama1.004	57	0.17611953629945015	5055(96.2%)	7	6	0.020172204034440807	103	2
2017-11-13-3604	pfama1.011	36	0.21556871273281955	4366(52.8%)	3	0	0.512869	1864	2
2017-11-13-3604	pfama1.009	41	0.2455085144184992	4366(52.8%)	3	1	0.34066700000000005	1806	2
2017-11-13-3604	pfama1.001	90	0.5389227728486813	4366(52.8%)	3	2	0.14646400000000004	696	2
2017-11-13-3719	pfama1.016	23	0.28048771627009916	44534(99.2%)	2	0	0.957327712801686	42394	2
2017-11-13-3719	pfama1.004	57	0.7195122837299008	44534(99.2%)	2	1	0.042672287198313834	2140	2
2017-11-14-3578	pfama1.023	15	0.06410253145956789	4084(95%)	8	0	0.333149	1353	2
2017-11-14-3578	pfama1.013	34	0.14529909016875173	4084(95%)	8	1	0.207364	860	2
2017-11-14-3578	pfama1.012	36	0.15384624524654322	4084(95%)	8	2	0.194251	792	2
2017-11-14-3578	pfama1.037	6	0.02564101258382716	4084(95%)	8	3	0.111269	447	2
2017-11-14-3578	pfama1.018	20	0.08547013624807957	4084(95%)	8	4	0.07349839999999999	299	2
2017-11-14-3578	pfama1.011	36	0.15384624524654322	4084(95%)	8	5	0.049620599999999994	205	2
2017-11-14-3578	pfama1.007	42	0.17948714466798354	4084(95%)	8	6	0.019555799999999998	80	2
2017-11-14-3578	pfama1.006	45	0.1923075943787037	4084(95%)	8	7	0.0112922	48	2
2017-11-14-3579	pfama1.030	9	1.0	9454(97.4%)	1	0	1.0	9454	2
2017-11-14-3580	pfama1.006	45	1.0	68325(90.9%)	1	0	1.0	68325	2
2017-11-14-3612	pfama1.012	36	0.2553195984613413	35002(68.3%)	2	0	0.5403479999999999	18924	2
2017-11-14-3612	pfama1.000	104	0.7446804015386587	35002(68.3%)	2	1	0.45965200000000006	16078	2
2017-11-14-3614	pfama1.002	80	1.0	1273(93.4%)	1	0	1.0	1273	2
2017-11-14-3615	pfama1.004	57	1.0	1621(94.9%)	1	0	1.0	1621	2
2017-11-14-3616	pfama1.002	80	1.0	20759(99.2%)	1	0	1.0	20759	2
2017-11-14-3617	pfama1.006	45	1.0	4649(97.1%)	1	0	1.0	4649	2
2017-11-15-3627	pfama1.010	37	1.0	49822(93%)	1	0	1.0	49822	2
2017-11-15-3630	pfama1.008	42	1.0	15786(99.1%)	1	0	1.0	15786	2
2017-11-15-3642	pfama1.002	80	1.0	20003(95.1%)	1	0	1.0	20003	2
2017-11-17-3779	pfama1.012	36	1.0	201966(99%)	1	0	1.0	201966	2
2017-11-20-3154	pfama1.000	104	1.0	98726(98.1%)	1	0	1.0	98726	2
2017-11-20-3190	pfama1.001	90	1.0	43552(97.5%)	1	0	1.0	43552	2
2017-11-20-3202	pfama1.028	13	0.4642863053567587	510(92.1%)	2	0	0.771226	394	2
2017-11-20-3202	pfama1.021	15	0.5357136946432414	510(92.1%)	2	1	0.22877399999999998	116	2
2017-11-20-3205	pfama1.028	13	0.11016984810446148	15690(66.5%)	2	0	0.76737	12003	2
2017-11-20-3205	pfama1.000	104	0.8898301518955385	15690(66.5%)	2	1	0.23263000000000003	3687	2
2017-11-20-3649	pfama1.000	104	1.0	32218(69.1%)	1	0	1.0	32218	2
2017-11-20-3659	pfama1.017	22	1.0	8379(98.7%)	1	0	1.0	8379	2
2017-11-20-3661	pfama1.006	45	1.0	377873(78.2%)	1	0	1.0	377873	3
2017-11-20-3665	pfama1.002	80	1.0	122188(98.4%)	1	0	1.0	122188	2
2017-11-21-3672	pfama1.025	14	0.1772149565132865	39262(96.6%)	2	0	0.9577695211152395	37604	2
2017-11-21-3672	pfama1.003	62	0.8227850434867134	39262(96.6%)	2	1	0.04223047888476056	1658	2
2017-11-21-3673	pfama1.004	57	1.0	48343(94.2%)	1	0	1.0	48343	2
2017-11-21-3677	pfama1.014	33	0.370786441636108	163(90.6%)	3	0	0.5511495511495512	89	2
2017-11-21-3677	pfama1.009	41	0.4606741990910511	163(90.6%)	3	1	0.3227423227423228	54	2
2017-11-21-3677	pfama1.022	15	0.16853935927284086	163(90.6%)	3	2	0.1261081261081261	20	2
2017-11-21-3685	pfama1.032	9	0.3461540420114577	26131(88.6%)	2	0	0.771062	20973	2
2017-11-21-3685	pfama1.020	17	0.6538459579885424	26131(88.6%)	2	1	0.228938	5158	2
2017-11-22-3708	pfama1.004	57	1.0	152795(98.7%)	1	0	1.0	152795	2
2017-11-22-3709	pfama1.015	28	1.0	70296(95.7%)	1	0	1.0	70296	2
2017-11-22-3713	pfama1.018	20	1.0	59681(95.7%)	1	0	1.0	59681	2
2017-11-22-3714	pfama1.007	42	0.42857152507292134	10434(97.2%)	2	0	0.8354950000000001	8957	2
2017-11-22-3714	pfama1.005	56	0.5714284749270786	10434(97.2%)	2	1	0.16450499999999998	1477	2
2017-11-22-3719	pfama1.016	23	1.0	21284(93.2%)	1	0	1.0	21284	2
2017-11-22-3720	pfama1.001	90	0.7964605917448176	41802(91.7%)	2	0	0.663215	28706	2
2017-11-22-3720	pfama1.016	23	0.20353940825518232	41802(91.7%)	2	1	0.336785	13096	2
2017-11-22-3728	pfama1.005	56	1.0	48475(92.9%)	1	0	1.0	48475	2
2017-11-27-3746	pfama1.002	80	0.6896551724137931	28580(95.2%)	2	0	0.711447	20407	2
2017-11-27-3746	pfama1.012	36	0.3103448275862069	28580(95.2%)	2	1	0.288553	8173	2
2017-11-27-3747	pfama1.001	90	1.0	8600(97.7%)	1	0	1.0	8600	2
2017-11-27-3758	pfama1.019	17	1.0	77539(86.5%)	1	0	1.0	77539	3
2017-11-27-3761	pfama1.006	45	1.0	7545(98.5%)	1	0	1.0	7545	2
2017-11-27-3766	pfama1.000	104	0.6176466808646353	46873(87.6%)	2	0	0.542683	24854	2
2017-11-27-3766	pfama1.003	62	0.38235331913536474	46873(87.6%)	2	1	0.45731700000000003	22019	2
2017-11-27-3773	pfama1.015	28	1.0	42730(91.7%)	1	0	1.0	42730	2
2017-11-27-3777	pfama1.006	45	0.5421686170416407	36167(79%)	3	0	0.47277800000000003	16785	2
2017-11-27-3777	pfama1.041	4	0.04819281913196616	36167(79%)	3	1	0.38586100000000007	13424	2
2017-11-27-3777	pfama1.013	34	0.40963856382639324	36167(79%)	3	2	0.14136100000000001	5958	2
2017-11-27-3779	pfama1.012	36	1.0	80097(80.9%)	1	0	1.0	80097	3
2017-11-28-3783	pfama1.003	62	1.0	32887(89.4%)	1	0	1.0	32887	2
2017-11-28-3785	pfama1.031	9	1.0	49324(59%)	1	0	1.0	49324	2
2017-11-28-3786	pfama1.004	57	0.6210525655623583	20820(87.9%)	2	0	0.5557886499671171	11297	2
2017-11-28-3786	pfama1.012	36	0.3789474344376418	20820(87.9%)	2	1	0.444211350032883	8758	2
2017-11-28-3787	pfama1.003	62	1.0	99119(94.4%)	1	0	1.0	99119	2
2017-11-28-3805	pfama1.001	90	1.0	1411(97.6%)	1	0	1.0	1411	2
2017-11-28-3816	pfama1.000	104	1.0	2359(95.2%)	1	0	1.0	2359	2
2017-11-28-3818	pfama1.009	41	1.0	50822(96.9%)	1	0	1.0	50822	2
2017-11-29-3079	pfama1.013	34	1.0	46524(92.1%)	1	0	1.0	46524	2
2017-11-29-3093	pfama1.035	6	1.0	43295(95.2%)	1	0	1.0	43295	2
2017-11-29-3096	pfama1.010	37	0.29133838156116276	52372(90.6%)	5	0	0.4493361797344718	23444	2
2017-11-29-3096	pfama1.029	12	0.09448825054250118	52372(90.6%)	5	1	0.42112116844846736	22141	2
2017-11-29-3096	pfama1.026	14	0.11023603166966303	52372(90.6%)	5	2	0.09048423619369447	4702	2
2017-11-29-3096	pfama1.015	28	0.22047258459916944	52372(90.6%)	5	3	0.022744409097763638	1218	2
2017-11-29-3096	pfama1.012	36	0.28346475162750356	52372(90.6%)	5	4	0.016314006525602606	867	2
2017-11-29-3315	pfama1.022	15	0.34883695868043413	2398(92.7%)	2	0	0.763332	1841	2
2017-11-29-3315	pfama1.015	28	0.6511630413195658	2398(92.7%)	2	1	0.236668	557	2
2017-11-29-3364	pfama1.016	23	1.0	50961(96.2%)	1	0	1.0	50961	2
2017-11-29-3510	pfama1.029	12	1.0	50869(86.1%)	1	0	1.0	50869	2
2017-12-04-3001	pfama1.003	62	1.0	35571(91.4%)	1	0	1.0	35247	2
2017-12-04-3055	pfama1.003	62	1.0	67927(91.5%)	1	0	1.0	67927	2
2017-12-04-3164	pfama1.011	36	0.2553195984613413	52943(95.6%)	2	0	0.5016	26418	2
2017-12-04-3164	pfama1.000	104	0.7446804015386587	52943(95.6%)	2	1	0.4984	26525	2
2017-12-05-3284	pfama1.027	14	1.0	49041(85.8%)	1	0	1.0	49041	2
2017-12-05-3285	pfama1.002	80	0.4733730313924279	597(89.6%)	5	0	0.6709033354516678	402	2
2017-12-05-3285	pfama1.010	37	0.21893473323205123	597(89.6%)	5	1	0.14355707177853588	83	2
2017-12-05-3285	pfama1.007	42	0.24852064562306023	597(89.6%)	5	2	0.14301507150753576	87	2
2017-12-05-3285	pfama1.041	4	0.023668651569621394	597(89.6%)	5	3	0.021621110810555403	13	2
2017-12-05-3285	pfama1.036	6	0.03550293818283921	597(89.6%)	5	4	0.02090341045170523	12	2
2017-12-05-3523	pfama1.005	56	1.0	8(100%)	1	0	1.0	8	1
2017-12-05-3527	pfama1.002	80	1.0	49041(94.3%)	1	0	1.0	49041	2
2017-12-06-3336	pfama1.004	57	1.0	8135(95.7%)	1	0	1.0	7736	1
2017-12-11-3540	pfama1.009	41	1.0	47949(77.2%)	1	0	1.0	47949	2
2017-12-11-3542	pfama1.010	37	0.1456691907805814	26315(96.7%)	4	0	0.8745507376347788	22791	2
2017-12-11-3542	pfama1.017	22	0.08661409934899858	26315(96.7%)	4	1	0.09734567079629876	2708	2
2017-12-11-3542	pfama1.001	90	0.3543315911091836	26315(96.7%)	4	2	0.015643195307041412	456	2
2017-12-11-3542	pfama1.000	104	0.41338511876123646	26315(96.7%)	4	3	0.012460396261881121	360	2
2017-12-11-3546	pfama1.009	41	0.5324672310001702	37416(74.8%)	2	0	0.8319340000000001	32438	2
2017-12-11-3546	pfama1.012	36	0.46753276899982976	37416(74.8%)	2	1	0.16806600000000002	4978	2
2017-12-11-3557	pfama1.023	15	1.0	32971(95.6%)	1	0	1.0	32971	2
2017-12-12-3575	pfama1.002	80	0.7339449764161128	107(93%)	3	0	0.607477	65	1
2017-12-12-3575	pfama1.015	28	0.25688074174563946	107(93%)	3	1	0.345794	37	1
2017-12-12-3575	pfama1.088	1	0.009174281838247748	107(93%)	3	2	0.046729	5	1
2017-12-12-3577	pfama1.000	104	1.0	7308(94.7%)	1	0	1.0	7308	2
2017-12-12-3578	pfama1.018	20	0.061919578884147765	8532(94.9%)	8	0	0.47596219038487614	4062	2
2017-12-12-3578	pfama1.012	36	0.11145524199146598	8532(94.9%)	8	1	0.13659405463762184	1138	2
2017-12-12-3578	pfama1.023	15	0.046439632924692595	8532(94.9%)	8	2	0.1087820435128174	935	2
2017-12-12-3578	pfama1.000	104	0.3250770205655024	8532(94.9%)	8	3	0.09475483790193516	811	2
2017-12-12-3578	pfama1.013	34	0.10526318162621476	8532(94.9%)	8	4	0.06946952778781113	581	2
2017-12-12-3578	pfama1.037	6	0.01857585316987704	8532(94.9%)	8	5	0.04539671815868726	425	2
2017-12-12-3578	pfama1.003	62	0.20123847765822556	8532(94.9%)	8	6	0.03788061515224606	318	2
2017-12-12-3578	pfama1.007	42	0.13003101317987387	8532(94.9%)	8	7	0.031160012464004988	262	2
2017-12-12-3579	pfama1.030	9	1.0	232(87.5%)	1	0	1.0	232	2
2017-12-12-3580	pfama1.006	45	1.0	24404(96.8%)	1	0	1.0	24404	2
2017-12-12-3602	pfama1.027	14	0.11764705882352941	24(70.6%)	2	0	0.5444439999999999	13	2
2017-12-12-3602	pfama1.000	104	0.8823529411764706	24(70.6%)	2	1	0.455556	11	2
2017-12-12-3604	pfama1.038	5	0.007621950096529375	67518(94.6%)	15	0	0.1653998842200811	11166	2
2017-12-12-3604	pfama1.000	104	0.16006067955764158	67518(94.6%)	15	1	0.12737991083406244	8575	2
2017-12-12-3604	pfama1.019	17	0.02591467271234048	67518(94.6%)	15	2	0.11020592285585402	7468	2
2017-12-12-3604	pfama1.010	37	0.05640239236676159	67518(94.6%)	15	3	0.10459792678145127	7078	2
2017-12-12-3604	pfama1.005	56	0.085365796678696	67518(94.6%)	15	4	0.08866693793314347	5996	2
2017-12-12-3604	pfama1.011	36	0.054878077024274885	67518(94.6%)	15	5	0.0850572404599317	5738	2
2017-12-12-3604	pfama1.012	36	0.054878077024274885	67518(94.6%)	15	6	0.08197744261579018	5537	2
2017-12-12-3604	pfama1.003	62	0.09908534116341984	67518(94.6%)	15	7	0.05735965984823812	3862	2
2017-12-12-3604	pfama1.001	90	0.13719544484723842	67518(94.6%)	15	8	0.05118106417325509	3444	2
2017-12-12-3604	pfama1.002	80	0.12195128227616642	67518(94.6%)	15	9	0.036403974517217844	2448	2
2017-12-12-3604	pfama1.015	28	0.042682948796658245	67518(94.6%)	15	10	0.03488447558086711	2379	2
2017-12-12-3604	pfama1.044	3	0.004573168039625216	67518(94.6%)	15	11	0.016734288285998204	1125	2
2017-12-12-3604	pfama1.024	15	0.022865840198126076	67518(94.6%)	15	12	0.015480289163797588	1043	2
2017-12-12-3604	pfama1.008	42	0.06402437273767712	67518(94.6%)	15	13	0.014559189808567139	981	2
2017-12-12-3604	pfama1.009	41	0.06249995648056992	67518(94.6%)	15	14	0.010111792921744956	678	2
2017-12-12-3614	pfama1.002	80	1.0	335(95.7%)	1	0	1.0	335	2
2017-12-12-3617	pfama1.006	45	1.0	18579(97.5%)	1	0	1.0	18579	1
2017-12-13-3630	pfama1.008	42	1.0	9868(97.2%)	1	0	1.0	9868	2
2017-12-13-3637	pfama1.005	56	1.0	17749(94%)	1	0	1.0	17417	1
2017-12-13-3642	pfama1.002	80	1.0	28887(87.5%)	1	0	1.0	28887	3
2017-12-18-3122	pfama1.001	90	1.0	23(65.7%)	1	0	1.0	23	2
2017-12-18-3148	pfama1.001	90	1.0	20625(96.5%)	1	0	1.0	20625	2
2017-12-18-3154	pfama1.000	104	1.0	82961(99.3%)	1	0	1.0	82961	2
2017-12-18-3190	pfama1.001	90	1.0	732(92.9%)	1	0	1.0	732	2
2017-12-18-3205	pfama1.028	13	0.09774466778261087	13433(96.3%)	3	0	0.7484454490672694	10096	2
2017-12-18-3205	pfama1.021	15	0.11278204096341524	13433(96.3%)	3	1	0.24015914409548644	3186	2
2017-12-18-3205	pfama1.000	104	0.7894732912539738	13433(96.3%)	3	2	0.0113954068372441	151	2
2017-12-18-3649	pfama1.002	80	1.0	18694(93.5%)	1	0	1.0	18000	1
2017-12-18-3659	pfama1.017	22	0.3928570161989121	463(92%)	2	0	0.5418500225891097	246	1
2017-12-18-3659	pfama1.013	34	0.6071429838010878	463(92%)	2	1	0.45814997741089025	208	1
2017-12-18-3665	pfama1.002	80	1.0	211(87.2%)	1	0	1.0	211	2
2017-12-18-3824	pfama1.000	104	1.0	26487(82.5%)	1	0	1.0	26271	2
2017-12-19-3672	pfama1.013	34	0.7083336206599318	13603(97.5%)	2	0	0.955771713268486	12992	2
2017-12-19-3672	pfama1.025	14	0.2916663793400683	13603(97.5%)	2	1	0.04422828673151398	611	2
2017-12-19-3673	pfama1.009	41	0.4099997749199973	4286(95.2%)	2	0	0.675942	2848	2
2017-12-19-3673	pfama1.004	57	0.5900002250800026	4286(95.2%)	2	1	0.324058	1438	2
2017-12-19-3677	pfama1.022	15	0.08875735936416658	2754(95.9%)	4	0	0.6137622455048982	1690	2
2017-12-19-3677	pfama1.002	80	0.4733731055635422	2754(95.9%)	4	1	0.262328104931242	723	2
2017-12-19-3677	pfama1.009	41	0.24260342281432268	2754(95.9%)	4	2	0.09615193846077537	265	2
2017-12-19-3677	pfama1.014	33	0.19526611225796844	2754(95.9%)	4	3	0.02775771110308444	76	2
2017-12-19-3681	pfama1.004	57	1.0	18991(95%)	1	0	1.0	18201	1
2017-12-19-3685	pfama1.032	9	0.3461540420114577	434(94.1%)	2	0	0.8209305165712372	353	1
2017-12-19-3685	pfama1.020	17	0.6538459579885424	434(94.1%)	2	1	0.1790694834287629	77	1
2017-12-20-3708	pfama1.004	57	1.0	120180(98.3%)	1	0	1.0	120180	2
2017-12-20-3709	pfama1.015	28	1.0	25904(97.9%)	1	0	1.0	25904	2
2017-12-20-3713	pfama1.018	20	1.0	33917(89.7%)	1	0	1.0	33917	2
2017-12-20-3714	pfama1.005	56	0.5714284749270786	46713(92.7%)	2	0	0.8429530000000001	39390	2
2017-12-20-3714	pfama1.007	42	0.42857152507292134	46713(92.7%)	2	1	0.157047	7323	2
2017-12-20-3720	pfama1.001	90	1.0	40308(92.8%)	1	0	1.0	40308	2
2017-12-20-3728	pfama1.005	56	1.0	43449(93.8%)	1	0	1.0	43449	2
2017-12-27-3747	pfama1.001	90	1.0	80(94.1%)	1	0	1.0	80	2
2017-12-27-3758	pfama1.019	17	0.9444446691972195	7027(93.3%)	2	0	0.8701313336304849	6077	1
2017-12-27-3758	pfama1.077	1	0.05555533080278054	7027(93.3%)	2	1	0.12986866636951505	907	1
2017-12-27-3762	pfama1.008	42	1.0	221(90.2%)	1	0	1.0	221	2
2017-12-27-3766	pfama1.003	62	1.0	66(94.3%)	1	0	1.0	66	1
2017-12-27-3777	pfama1.013	34	0.2931034974732703	27289(86.5%)	4	0	0.5859860585986059	14610	2
2017-12-27-3777	pfama1.006	45	0.3879310492419811	27289(86.5%)	4	1	0.21205802120580214	6719	2
2017-12-27-3777	pfama1.014	33	0.28448265530613237	27289(86.5%)	4	2	0.11617801161780117	3314	2
2017-12-27-3777	pfama1.041	4	0.034482797978616246	27289(86.5%)	4	3	0.08577790857779087	2646	2
2017-12-28-3785	pfama1.000	104	0.9210523259460225	63299(93.6%)	2	0	0.9167628166474366	57976	2
2017-12-28-3785	pfama1.031	9	0.07894767405397746	63299(93.6%)	2	1	0.08323718335256333	5323	2
2017-12-28-3786	pfama1.004	57	0.23886628174213595	24461(96.9%)	4	0	0.8038737588378724	19643	2
2017-12-28-3786	pfama1.008	42	0.17004031764180258	24461(96.9%)	4	1	0.12154996353501095	2975	2
2017-12-28-3786	pfama1.005	56	0.22672033418374804	24461(96.9%)	4	2	0.04457658662702401	1108	2
2017-12-28-3786	pfama1.001	90	0.36437306643231354	24461(96.9%)	4	3	0.029999691000092702	735	2
2017-12-28-3787	pfama1.003	62	1.0	50023(94%)	1	0	1.0	50023	2
2017-12-28-3816	pfama1.000	104	1.0	12898(96.4%)	1	0	1.0	12898	2
2017-12-28-3818	pfama1.009	41	1.0	29320(95.4%)	1	0	1.0	29320	2
2017-12-29-3093	pfama1.035	6	1.0	35323(89.1%)	1	0	1.0	35323	3
2017-12-29-3095	pfama1.006	45	1.0	576(95.8%)	1	0	1.0	576	2
2017-12-29-3096	pfama1.012	36	0.4137934970274669	3990(97.8%)	3	0	0.5205511561653469	2077	1
2017-12-29-3096	pfama1.026	14	0.16091931282857466	3990(97.8%)	3	1	0.4503761351128406	1797	1
2017-12-29-3096	pfama1.010	37	0.4252871901439583	3990(97.8%)	3	2	0.029072708721812623	116	1
2017-12-29-3315	pfama1.022	15	1.0	24(96%)	1	0	1.0	24	2
2017-12-29-3364	pfama1.016	23	1.0	96(96%)	1	0	1.0	96	2
2018-01-03-3164	pfama1.000	104	0.7446804015386587	37668(98.5%)	2	0	0.8452280000000001	31923	2
2018-01-03-3164	pfama1.011	36	0.2553195984613413	37668(98.5%)	2	1	0.154772	5745	2
2018-01-04-3285	pfama1.007	42	0.23463684712836594	84046(95.9%)	5	0	0.6381996681361726	53173	2
2018-01-04-3285	pfama1.002	80	0.4469276800849017	84046(95.9%)	5	1	0.19737489736505337	16814	2
2018-01-04-3285	pfama1.027	14	0.07821215909865036	84046(95.9%)	5	2	0.12022793748147252	10185	2
2018-01-04-3285	pfama1.036	6	0.03351953902312614	84046(95.9%)	5	3	0.03672208090451793	3217	2
2018-01-04-3285	pfama1.010	37	0.20670377466495585	84046(95.9%)	5	4	0.007475416112783621	657	2
2018-01-04-3523	pfama1.005	56	1.0	45796(92.8%)	1	0	1.0	45796	2
2018-01-04-3527	pfama1.002	80	1.0	76742(90.4%)	1	0	1.0	76742	2
2018-01-08-3540	pfama1.009	41	0.976190524977354	12923(84.6%)	2	0	0.8930529460041576	11081	1
2018-01-08-3540	pfama1.079	1	0.023809475022645927	12923(84.6%)	2	1	0.1069470539958423	1327	1
2018-01-08-3541	pfama1.007	42	1.0	26098(81.3%)	1	0	1.0	25890	2
2018-01-08-3542	pfama1.025	14	0.09999990542849874	38245(87.3%)	4	0	0.8609437417168776	32864	2
2018-01-08-3542	pfama1.010	37	0.26428573455103593	38245(87.3%)	4	1	0.0720100783969765	2798	2
2018-01-08-3542	pfama1.005	56	0.40000009457150126	38245(87.3%)	4	2	0.05650788304763509	2180	2
2018-01-08-3542	pfama1.014	33	0.235714265448964	38245(87.3%)	4	3	0.010538296838510947	403	2
2018-01-08-3546	pfama1.009	41	0.5324672310001702	68982(71.8%)	2	0	0.703321	48488	2
2018-01-08-3546	pfama1.012	36	0.46753276899982976	68982(71.8%)	2	1	0.29667899999999997	20494	2
2018-01-09-3575	pfama1.000	104	1.0	18741(83.9%)	1	0	1.0	17958	1
2018-01-09-3578	pfama1.023	15	0.08379884755781533	58703(80.1%)	5	0	0.3589943230948908	20657	2
2018-01-09-3578	pfama1.013	34	0.18994407911987576	58703(80.1%)	5	1	0.24785522306970081	15322	2
2018-01-09-3578	pfama1.037	6	0.03351953902312614	58703(80.1%)	5	2	0.1760451584406426	10495	2
2018-01-09-3578	pfama1.003	62	0.36312846269467147	58703(80.1%)	5	3	0.13708412337571102	7725	2
2018-01-09-3578	pfama1.004	57	0.3296090716045112	58703(80.1%)	5	4	0.08002117201905481	4504	2
2018-01-09-3579	pfama1.030	9	1.0	41106(91.8%)	1	0	1.0	41106	2
2018-01-09-3602	pfama1.019	17	0.05295960499416264	28885(79.6%)	6	0	0.4170327914836042	11968	2
2018-01-09-3602	pfama1.000	104	0.3271023508019586	28885(79.6%)	6	1	0.26196986901506547	7831	2
2018-01-09-3602	pfama1.004	57	0.18380075154554365	28885(79.6%)	6	2	0.11779294110352945	3092	2
2018-01-09-3602	pfama1.023	15	0.04672896618045053	28885(79.6%)	6	3	0.11493494253252873	3266	2
2018-01-09-3602	pfama1.002	80	0.24922142793653296	28885(79.6%)	6	4	0.049187675406162285	1366	2
2018-01-09-3602	pfama1.006	45	0.1401868985413516	28885(79.6%)	6	5	0.039081780459109774	1362	2
2018-01-09-3604	pfama1.019	17	0.054140220045446094	91091(91.8%)	8	0	0.5247831469392812	47816	2
2018-01-09-3604	pfama1.011	36	0.11464976612845079	91091(91.8%)	8	1	0.21707206078017705	19980	2
2018-01-09-3604	pfama1.009	41	0.1305731866363693	91091(91.8%)	8	2	0.12160103404828956	10878	2
2018-01-09-3604	pfama1.005	56	0.17834386981621278	91091(91.8%)	8	3	0.08320462329729454	7536	2
2018-01-09-3604	pfama1.003	62	0.20700636405533648	91091(91.8%)	8	4	0.017196904815133352	1551	2
2018-01-09-3604	pfama1.008	42	0.1337579550691706	91091(91.8%)	8	5	0.01592400445872125	1475	2
2018-01-09-3604	pfama1.024	15	0.04777068317984349	91091(91.8%)	8	6	0.01261280353158499	1178	2
2018-01-09-3604	pfama1.007	42	0.1337579550691706	91091(91.8%)	8	7	0.007605422129518198	677	2
2018-01-09-3614	pfama1.002	80	1.0	48374(92.8%)	1	0	1.0	48374	2
2018-01-09-3615	pfama1.004	57	1.0	22409(92.3%)	1	0	1.0	21833	1
2018-01-09-3616	pfama1.002	80	1.0	57664(94.4%)	1	0	1.0	57664	2
2018-01-10-3630	pfama1.008	42	1.0	57132(97.3%)	1	0	1.0	57132	2
2018-01-10-3635	pfama1.006	45	1.0	38494(91.5%)	1	0	1.0	38227	2
2018-01-15-3122	pfama1.001	90	1.0	29603(62.7%)	1	0	1.0	29603	2
2018-01-15-3148	pfama1.001	90	1.0	10356(84.8%)	1	0	1.0	9982	1
2018-01-15-3154	pfama1.000	104	1.0	46524(93.7%)	1	0	1.0	46524	2
2018-01-15-3190	pfama1.001	90	1.0	44785(96%)	1	0	1.0	44785	2
2018-01-15-3658	pfama1.001	90	1.0	42701(91.6%)	1	0	1.0	42701	2
2018-01-15-3659	pfama1.013	34	1.0	43490(91.1%)	1	0	1.0	43490	2
2018-01-15-3665	pfama1.002	80	1.0	43399(91.2%)	1	0	1.0	43399	2
2018-01-15-3825	pfama1.000	104	1.0	42567(91.3%)	1	0	1.0	42567	2
2018-01-16-3672	pfama1.013	34	1.0	36485(77.9%)	1	0	1.0	36485	2
2018-01-16-3677	pfama1.022	15	0.05791498291325762	19360(62.2%)	5	0	0.409807	7210	2
2018-01-16-3677	pfama1.009	41	0.15830093625635483	19360(62.2%)	5	1	0.371531	7861	2
2018-01-16-3677	pfama1.001	90	0.3474909198725076	19360(62.2%)	5	2	0.135684	2956	2
2018-01-16-3677	pfama1.002	80	0.3088802496683613	19360(62.2%)	5	3	0.045171499999999996	626	2
2018-01-16-3677	pfama1.014	33	0.12741291128951868	19360(62.2%)	5	4	0.0378065	707	2
2018-01-16-3685	pfama1.020	17	0.6538459579885424	63274(97.8%)	2	0	0.869851	55051	2
2018-01-16-3685	pfama1.032	9	0.3461540420114577	63274(97.8%)	2	1	0.13014900000000001	8223	2
2018-01-17-3205	pfama1.021	15	0.11278204096341524	38256(83.9%)	3	0	0.8617140861714085	32590	2
2018-01-17-3205	pfama1.028	13	0.09774466778261087	38256(83.9%)	3	1	0.10415301041530103	4360	2
2018-01-17-3205	pfama1.000	104	0.7894732912539738	38256(83.9%)	3	2	0.03413290341329034	1306	2
2018-01-17-3709	pfama1.015	28	1.0	85072(90.2%)	1	0	1.0	85072	2
2018-01-17-3713	pfama1.018	20	1.0	50890(93.1%)	1	0	1.0	50890	2
2018-01-17-3714	pfama1.005	56	0.5714284749270786	48042(89.4%)	2	0	0.685706	33060	2
2018-01-17-3714	pfama1.007	42	0.42857152507292134	48042(89.4%)	2	1	0.314294	14982	2
2018-01-17-3728	pfama1.005	56	1.0	52403(83.3%)	1	0	1.0	52403	2
2018-01-22-3746	pfama1.012	36	0.3103448275862069	33977(76.4%)	2	0	0.578017	20177	2
2018-01-22-3746	pfama1.002	80	0.6896551724137931	33977(76.4%)	2	1	0.421983	13800	2
2018-01-22-3747	pfama1.001	90	1.0	55724(87.6%)	1	0	1.0	55404	2
2018-01-22-3761	pfama1.006	45	1.0	79023(95.1%)	1	0	1.0	79023	2
2018-01-22-3762	pfama1.008	42	1.0	76540(86.6%)	1	0	1.0	76540	2
2018-01-22-3766	pfama1.003	62	0.38235331913536474	32946(79.3%)	2	0	0.609949	20054	2
2018-01-22-3766	pfama1.000	104	0.6176466808646353	32946(79.3%)	2	1	0.39005100000000004	12892	2
2018-01-22-3777	pfama1.014	33	0.423076825147868	61581(86.9%)	2	0	0.9196570919657092	56317	2
2018-01-22-3777	pfama1.006	45	0.5769231748521321	61581(86.9%)	2	1	0.0803429080342908	5264	2
2018-01-23-3805	pfama1.001	90	1.0	427579(74.9%)	1	0	1.0	427579	3
2018-01-23-3815	pfama1.000	104	1.0	44451(93.5%)	1	0	1.0	44451	2
2018-01-23-3816	pfama1.000	104	1.0	34484(92.9%)	1	0	1.0	34484	2
2018-01-23-3818	pfama1.009	41	1.0	38928(88.9%)	1	0	1.0	38928	2
2018-01-24-3079	pfama1.013	34	1.0	42492(91%)	1	0	1.0	42492	2
2018-01-24-3095	pfama1.006	45	1.0	44989(94.7%)	1	0	1.0	44989	2
2018-01-24-3096	pfama1.011	36	0.31304370351608374	46745(82.2%)	4	0	0.8159126690483886	38020	2
2018-01-24-3096	pfama1.010	37	0.32173893020792554	46745(82.2%)	4	1	0.13889611389481338	6665	2
2018-01-24-3096	pfama1.026	14	0.12173893020792557	46745(82.2%)	4	2	0.035796829353400075	1611	2
2018-01-24-3096	pfama1.015	28	0.24347843606806513	46745(82.2%)	4	3	0.009394387703397917	449	2
2018-01-24-3315	pfama1.008	42	0.3442623039774269	40550(85.2%)	4	0	0.8691593661644019	34157	2
2018-01-24-3315	pfama1.022	15	0.12295078409029245	40550(85.2%)	4	1	0.08808358386755542	3337	2
2018-01-24-3315	pfama1.015	28	0.2295083835259645	40550(85.2%)	4	2	0.024174103289603534	1104	2
2018-01-24-3315	pfama1.010	37	0.3032785284063161	40550(85.2%)	4	3	0.018582946678439044	738	2
2018-01-24-3364	pfama1.016	23	1.0	46190(93.3%)	1	0	1.0	46190	2
2018-01-24-3505	pfama1.033	7	1.0	59621(93.6%)	1	0	1.0	59621	2
2018-01-24-3510	pfama1.029	12	1.0	58438(91.9%)	1	0	1.0	58438	2
2018-01-24-3785	pfama1.031	9	1.0	58262(87.8%)	1	0	1.0	58262	2
2018-01-24-3786	pfama1.005	56	0.20740713679581954	47021(89.3%)	4	0	0.8988978471873659	42230	2
2018-01-24-3786	pfama1.004	57	0.21851843043353858	47021(89.3%)	4	1	0.07791988675361924	3686	2
2018-01-24-3786	pfama1.003	62	0.24074052733898524	47021(89.3%)	4	2	0.014004097619303404	667	2
2018-01-24-3786	pfama1.001	90	0.3333339054316568	47021(89.3%)	4	3	0.009178168439711363	438	2
2018-01-24-3787	pfama1.003	62	1.0	41701(92.4%)	1	0	1.0	41701	2
2018-01-26-3154	pfama1.000	104	1.0	169479(98.6%)	1	0	1.0	169479	2
2018-01-29-3164	pfama1.011	36	0.2553195984613413	44103(94.8%)	2	0	0.677784	29906	2
2018-01-29-3164	pfama1.000	104	0.7446804015386587	44103(94.8%)	2	1	0.322216	14197	2
2018-01-29-3521	pfama1.000	104	1.0	66744(90.6%)	1	0	1.0	66744	2
2018-01-30-3285	pfama1.001	90	0.612245706732361	51907(95%)	4	0	0.366554	20121	2
2018-01-30-3285	pfama1.027	14	0.09523782074538051	51907(95%)	4	1	0.27220900000000003	14032	2
2018-01-30-3285	pfama1.010	37	0.2517002121639971	51907(95%)	4	2	0.21078899999999998	9726	2
2018-01-30-3285	pfama1.036	6	0.04081626035826138	51907(95%)	4	3	0.150448	8028	2
2018-01-30-3523	pfama1.005	56	1.0	48505(90.3%)	1	0	1.0	48505	2
2018-01-30-3525	pfama1.014	33	1.0	98910(91.1%)	1	0	1.0	98910	2
2018-01-30-3677	pfama1.001	90	0.39823064582130524	42177(79%)	4	0	0.5356798928640214	22588	2
2018-01-30-3677	pfama1.022	15	0.06637157902352761	42177(79%)	4	1	0.299525940094812	12628	2
2018-01-30-3677	pfama1.002	80	0.35398214535219386	42177(79%)	4	2	0.11006097798780438	4625	2
2018-01-30-3677	pfama1.009	41	0.18141562980297318	42177(79%)	4	3	0.054733189053362184	2336	2
2018-02-05-3540	pfama1.010	37	1.0	42969(50%)	1	0	1.0	42969	2
2018-02-05-3541	pfama1.007	42	1.0	86903(88.3%)	1	0	1.0	86903	2
2018-02-05-3542	pfama1.001	90	0.4568535935988343	54027(98.3%)	4	0	0.9136778172644365	49374	2
2018-02-05-3542	pfama1.025	14	0.07106581585727426	54027(98.3%)	4	1	0.04942169011566197	2662	2
2018-02-05-3542	pfama1.005	56	0.2842635994694595	54027(98.3%)	4	2	0.022459595508080892	1208	2
2018-02-05-3542	pfama1.010	37	0.18781699107443192	54027(98.3%)	4	3	0.014440897111820575	783	2
2018-02-06-3546	pfama1.009	41	1.0	130331(85.2%)	1	0	1.0	108019	1
2018-02-06-3577	pfama1.000	104	0.990566046573529	37106(91.3%)	2	0	0.8094344109816536	29805	1
2018-02-06-3577	pfama1.075	1	0.009433953426471065	37106(91.3%)	2	1	0.19056558901834642	7017	1
2018-02-06-3578	pfama1.023	15	0.03416856457677145	39793(70.9%)	10	0	0.21221793633461913	8450	2
2018-02-06-3578	pfama1.012	36	0.08200464546265152	39793(70.9%)	10	1	0.1506269548119136	6020	2
2018-02-06-3578	pfama1.011	36	0.08200464546265152	39793(70.9%)	10	2	0.1284729614581116	5118	2
2018-02-06-3578	pfama1.018	20	0.045558136368139726	39793(70.9%)	10	3	0.11042696687190996	4414	2
2018-02-06-3578	pfama1.000	104	0.23917965044273345	39793(70.9%)	10	4	0.10988096703570992	4317	2
2018-02-06-3578	pfama1.007	42	0.09567201097442675	39793(70.9%)	10	5	0.09473617157914854	3794	2
2018-02-06-3578	pfama1.006	45	0.10250569373031436	39793(70.9%)	10	6	0.06569138029258592	2625	2
2018-02-06-3578	pfama1.013	34	0.07744875642717085	39793(70.9%)	10	7	0.048553585433924386	1904	2
2018-02-06-3578	pfama1.003	62	0.14806383009845409	39793(70.9%)	10	8	0.04143018757094373	1639	2
2018-02-06-3578	pfama1.009	41	0.09339406645668642	39793(70.9%)	10	9	0.03796288861113343	1512	2
2018-02-06-3579	pfama1.030	9	1.0	87893(87.4%)	1	0	1.0	87893	2
2018-02-06-3602	pfama1.012	36	0.09703513133298645	37055(73.9%)	8	0	0.27977688808924484	10350	2
2018-02-06-3602	pfama1.002	80	0.21563362518441437	37055(73.9%)	8	1	0.2572218971112412	9603	2
2018-02-06-3602	pfama1.023	15	0.04043126011290047	37055(73.9%)	8	2	0.16142693542922584	5977	2
2018-02-06-3602	pfama1.000	104	0.2830184639168856	37055(73.9%)	8	3	0.143512942594823	5299	2
2018-02-06-3602	pfama1.004	57	0.15902975396432834	37055(73.9%)	8	4	0.08667596532961389	3149	2
2018-02-06-3602	pfama1.006	45	0.12129378033870143	37055(73.9%)	8	5	0.035930285627885764	1346	2
2018-02-06-3602	pfama1.027	14	0.03773579518891808	37055(73.9%)	8	6	0.022576590969363614	857	2
2018-02-06-3602	pfama1.019	17	0.04582218996086526	37055(73.9%)	8	7	0.012878494848602063	474	2
2018-02-06-3614	pfama1.002	80	0.9523809523809523	250706(65.3%)	2	0	0.7497453359659775	179984	2
2018-02-06-3614	pfama1.040	4	0.047619047619047616	250706(65.3%)	2	1	0.2502546640340225	64187	2
2018-02-06-3616	pfama1.002	80	1.0	42873(91.2%)	1	0	1.0	42873	2
2018-02-06-3617	pfama1.003	62	0.09908534116341983	93339(93%)	15	0	0.17979100000000003	16709	2
2018-02-06-3617	pfama1.008	42	0.06402437273767711	93339(93%)	15	1	0.134754	12546	2
2018-02-06-3617	pfama1.015	28	0.04268294879665824	93339(93%)	15	2	0.13212400000000002	12293	2
2018-02-06-3617	pfama1.002	80	0.1219512822761664	93339(93%)	15	3	0.129586	12103	2
2018-02-06-3617	pfama1.000	104	0.16006067955764156	93339(93%)	15	4	0.10333	9651	2
2018-02-06-3617	pfama1.019	17	0.02591467271234048	93339(93%)	15	5	0.05744520000000001	5398	2
2018-02-06-3617	pfama1.044	3	0.004573168039625215	93339(93%)	15	6	0.0494886	4589	2
2018-02-06-3617	pfama1.001	90	0.13719544484723842	93339(93%)	15	7	0.044958700000000004	4215	2
2018-02-06-3617	pfama1.010	37	0.05640239236676158	93339(93%)	15	8	0.04234860000000001	3927	2
2018-02-06-3617	pfama1.011	36	0.05487807702427488	93339(93%)	15	9	0.028125800000000003	2702	2
2018-02-06-3617	pfama1.012	36	0.05487807702427488	93339(93%)	15	10	0.023548700000000002	2199	2
2018-02-06-3617	pfama1.009	41	0.06249995648056991	93339(93%)	15	11	0.023466700000000004	2218	2
2018-02-06-3617	pfama1.038	5	0.0076219500965293745	93339(93%)	15	12	0.019960500000000003	1848	2
2018-02-06-3617	pfama1.024	15	0.022865840198126073	93339(93%)	15	13	0.016576300000000006	1560	2
2018-02-06-3617	pfama1.005	56	0.085365796678696	93339(93%)	15	14	0.014495900000000003	1381	2
2018-02-07-3630	pfama1.008	42	1.0	39498(89%)	1	0	1.0	39498	2
2018-02-07-3635	pfama1.006	45	1.0	119486(98.6%)	1	0	1.0	119486	2
2018-02-07-3642	pfama1.002	80	1.0	48796(88.6%)	1	0	1.0	48796	2
2018-02-12-3122	pfama1.001	90	1.0	68160(88.6%)	1	0	1.0	68160	2
2018-02-12-3154	pfama1.000	104	1.0	48387(86.1%)	1	0	1.0	48387	2
2018-02-12-3190	pfama1.001	90	1.0	69643(95.9%)	1	0	1.0	69643	2
2018-02-12-3202	pfama1.021	15	1.0	41673(92.6%)	1	0	1.0	41673	2
2018-02-12-3205	pfama1.021	15	0.11278204096341524	38151(83.9%)	3	0	0.8363057491082753	32079	2
2018-02-12-3205	pfama1.028	13	0.09774466778261087	38151(83.9%)	3	1	0.1274229617731115	4711	2
2018-02-12-3205	pfama1.000	104	0.7894732912539738	38151(83.9%)	3	2	0.03627128911861326	1361	2
2018-02-12-3659	pfama1.017	22	0.5641019547667384	52504(97.4%)	2	0	0.9806669019333097	51528	2
2018-02-12-3659	pfama1.020	17	0.43589804523326164	52504(97.4%)	2	1	0.01933309806669019	976	2
2018-02-12-3665	pfama1.002	80	1.0	62413(94.5%)	1	0	1.0	62413	2
2018-02-13-3672	pfama1.003	62	0.8227850434867134	67005(77.2%)	2	0	0.8496319999999999	55356	2
2018-02-13-3672	pfama1.025	14	0.1772149565132865	67005(77.2%)	2	1	0.150368	11649	2
2018-02-13-3677	pfama1.022	15	1.0	30556(78.6%)	1	0	1.0	30556	2
2018-02-13-3685	pfama1.020	17	0.6538459579885424	42634(82.3%)	2	0	0.7729199999999999	32921	2
2018-02-13-3685	pfama1.032	9	0.3461540420114577	42634(82.3%)	2	1	0.22708000000000003	9713	2
2018-02-14-3708	pfama1.004	57	1.0	112770(98.5%)	1	0	1.0	112770	2
2018-02-14-3709	pfama1.015	28	1.0	60105(94.3%)	1	0	1.0	60105	2
2018-02-14-3713	pfama1.018	20	1.0	76608(87.1%)	1	0	1.0	76608	2
2018-02-14-3714	pfama1.007	42	1.0	37547(76.3%)	1	0	1.0	37547	2
2018-02-14-3728	pfama1.005	56	1.0	60386(76.2%)	1	0	1.0	60386	3
2018-02-19-3746	pfama1.002	80	1.0	46260(92%)	1	0	1.0	46260	2
2018-02-19-3747	pfama1.001	90	1.0	38777(91.9%)	1	0	1.0	38777	2
2018-02-19-3761	pfama1.006	45	1.0	47210(96.6%)	1	0	1.0	47210	2
2018-02-19-3762	pfama1.008	42	0.9545455639669698	16200(80.9%)	3	0	0.9490542329618529	13096	1
2018-02-19-3762	pfama1.094	1	0.022727218016515095	16200(80.9%)	3	1	0.03695922270052211	510	1
2018-02-19-3762	pfama1.134	1	0.022727218016515095	16200(80.9%)	3	2	0.013986544337624965	193	1
2018-02-19-3766	pfama1.003	62	1.0	52801(94.5%)	1	0	1.0	52801	2
2018-02-19-3777	pfama1.014	33	1.0	32374(64.5%)	1	0	1.0	32374	2
2018-02-20-3786	pfama1.004	57	0.3757963502292333	33164(74.9%)	3	0	0.4306	14236	2
2018-02-20-3786	pfama1.005	56	0.35668773963242556	33164(74.9%)	3	1	0.41298199999999996	13707	2
2018-02-20-3786	pfama1.008	42	0.2675159101383412	33164(74.9%)	3	2	0.156418	5221	2
2018-02-20-3787	pfama1.003	62	1.0	42571(93.4%)	1	0	1.0	42571	2
2018-02-20-3805	pfama1.001	90	1.0	36110(89.6%)	1	0	1.0	36110	2
2018-02-21-3079	pfama1.013	34	1.0	80492(87.8%)	1	0	1.0	80492	2
2018-02-21-3093	pfama1.035	6	1.0	69112(88.9%)	1	0	1.0	68626	2
2018-02-21-3095	pfama1.006	45	1.0	42556(95.4%)	1	0	1.0	42556	2
2018-02-21-3096	pfama1.010	37	0.270072728168865	25625(59.6%)	4	0	0.6265252506101002	16027	2
2018-02-21-3096	pfama1.015	28	0.20437963611271778	25625(59.6%)	4	1	0.2505171002068401	6498	2
2018-02-21-3096	pfama1.012	36	0.2627738178592086	25625(59.6%)	4	2	0.09524983809993524	2407	2
2018-02-21-3096	pfama1.011	36	0.2627738178592086	25625(59.6%)	4	3	0.02770781108312443	693	2
2018-02-21-3315	pfama1.022	15	0.12295078409029245	48981(85%)	4	0	0.8290820829082083	40610	2
2018-02-21-3315	pfama1.015	28	0.2295083835259645	48981(85%)	4	1	0.07403680740368074	3628	2
2018-02-21-3315	pfama1.008	42	0.3442623039774269	48981(85%)	4	2	0.07304800730480072	3576	2
2018-02-21-3315	pfama1.010	37	0.3032785284063161	48981(85%)	4	3	0.023833102383310236	1167	2
2018-02-21-3364	pfama1.016	23	1.0	58094(94.3%)	1	0	1.0	58094	2
2018-02-21-3505	pfama1.033	7	1.0	12382(80.5%)	1	0	1.0	11551	1
2018-02-21-3510	pfama1.029	12	1.0	90807(86.1%)	1	0	1.0	90807	2
2018-02-21-3816	pfama1.000	104	1.0	45411(96.6%)	1	0	1.0	45411	2
2018-02-21-3818	pfama1.009	41	1.0	71874(96.2%)	1	0	1.0	71874	2
2018-02-26-3164	pfama1.000	104	0.7446804015386587	55826(95.1%)	2	0	0.5611649999999999	31675	2
2018-02-26-3164	pfama1.011	36	0.2553195984613413	55826(95.1%)	2	1	0.43883500000000003	24151	2
2018-02-27-3285	pfama1.007	42	0.4941177771682183	72498(93.5%)	3	0	0.45262	32843	2
2018-02-27-3285	pfama1.036	6	0.07058823162906427	72498(93.5%)	3	1	0.449537	32545	2
2018-02-27-3285	pfama1.010	37	0.43529399120271733	72498(93.5%)	3	2	0.09784300000000001	7110	2
2018-02-27-3523	pfama1.005	56	1.0	75565(88%)	1	0	1.0	75565	2
2018-02-27-3525	pfama1.014	33	1.0	81041(84.4%)	1	0	1.0	81041	2
2018-02-27-3527	pfama1.002	80	1.0	12546(83%)	1	0	1.0	12266	1
2018-02-28-3535	pfama1.033	7	0.03608243939948502	386(87.1%)	5	0	0.6358694175716069	234	1
2018-02-28-3535	pfama1.000	104	0.5412365909922753	386(87.1%)	5	1	0.2282611124111794	84	1
2018-02-28-3535	pfama1.002	80	0.412371710958026	386(87.1%)	5	2	0.09782595128201711	36	1
2018-02-28-3535	pfama1.105	1	0.005154629325106874	386(87.1%)	5	3	0.0244565402661111	9	1
2018-02-28-3535	pfama1.127	1	0.005154629325106874	386(87.1%)	5	4	0.013586978469085463	5	1
2018-03-05-3541	pfama1.007	42	1.0	40067(90%)	1	0	1.0	39284	1
2018-03-05-3542	pfama1.038	5	0.029940142073235726	69547(97.2%)	6	0	0.7593214988478109	52795	2
2018-03-05-3542	pfama1.025	14	0.08383225509836514	69547(97.2%)	6	1	0.1809468805750588	12585	2
2018-03-05-3542	pfama1.014	33	0.1976047711922118	69547(97.2%)	6	2	0.028632681102430474	1987	2
2018-03-05-3542	pfama1.005	56	0.3353294168009464	69547(97.2%)	6	3	0.014307090557320231	1001	2
2018-03-05-3542	pfama1.010	37	0.22155690070709977	69547(97.2%)	6	4	0.010933192784092763	770	2
2018-03-05-3542	pfama1.017	22	0.13173651412814116	69547(97.2%)	6	5	0.005858656133286952	409	2
2018-03-06-3577	pfama1.000	104	1.0	48173(93.8%)	1	0	1.0	48173	2
2018-03-06-3578	pfama1.012	36	0.1451613523204857	40293(74.1%)	8	0	0.3392810339281033	13765	2
2018-03-06-3578	pfama1.037	6	0.02419353202653851	40293(74.1%)	8	1	0.3152350315235031	12349	2
2018-03-06-3578	pfama1.013	34	0.13709669927941318	40293(74.1%)	8	2	0.15539601553960153	6449	2
2018-03-06-3578	pfama1.018	20	0.08064519573360317	40293(74.1%)	8	3	0.057996005799600577	2254	2
2018-03-06-3578	pfama1.011	36	0.1451613523204857	40293(74.1%)	8	4	0.04301350430135042	1783	2
2018-03-06-3578	pfama1.007	42	0.16935477757285444	40293(74.1%)	8	5	0.04146110414611041	1723	2
2018-03-06-3578	pfama1.023	15	0.06048383006634627	40293(74.1%)	8	6	0.029108402910840287	1218	2
2018-03-06-3578	pfama1.004	57	0.2379032606802732	40293(74.1%)	8	7	0.018508901850890182	752	2
2018-03-06-3595	pfama1.002	80	1.0	76963(89.5%)	1	0	1.0	76963	2
2018-03-07-3642	pfama1.002	80	1.0	512(88.7%)	1	0	1.0	512	2
2018-03-12-3190	pfama1.001	90	1.0	68992(85.7%)	1	0	1.0	68992	2
2018-03-12-3202	pfama1.026	14	1.0	568(85.9%)	1	0	1.0	568	4
2018-03-12-3659	pfama1.013	34	1.0	42185(81.1%)	1	0	1.0	42185	2
2018-03-14-3709	pfama1.015	28	1.0	22233(89.2%)	1	0	1.0	21926	1
2018-03-14-3714	pfama1.005	56	1.0	54741(84.6%)	1	0	1.0	54741	2
2018-03-14-3728	pfama1.073	1	0.008695641161421326	984(88.7%)	3	0	0.5602910431723518	539	1
2018-03-14-3728	pfama1.000	104	0.9130431854287036	984(88.7%)	3	1	0.3960499238013428	381	1
2018-03-14-3728	pfama1.031	9	0.07826117340987522	984(88.7%)	3	2	0.043659033026305444	42	1
2018-03-19-3746	pfama1.002	80	1.0	61879(73.5%)	1	0	1.0	61879	3
2018-03-19-3747	pfama1.001	90	1.0	73588(88.1%)	1	0	1.0	73588	2
2018-03-19-3761	pfama1.006	45	1.0	39969(91.6%)	1	0	1.0	39969	2
2018-03-19-3766	pfama1.003	62	1.0	40995(89.6%)	1	0	1.0	40995	2
2018-03-19-3777	pfama1.014	33	0.41772143306836274	36661(68.8%)	3	0	0.8142929185707082	30224	2
2018-03-19-3777	pfama1.006	45	0.5696203645410112	36661(68.8%)	3	1	0.13750998624900135	4560	2
2018-03-19-3777	pfama1.087	1	0.012658202390626006	36661(68.8%)	3	2	0.04819709518029048	1877	2
2018-03-20-3786	pfama1.005	56	0.3835609295374485	118530(95.9%)	2	0	0.621586	74063	2
2018-03-20-3786	pfama1.001	90	0.6164390704625514	118530(95.9%)	2	1	0.378414	44467	2
2018-03-20-3805	pfama1.001	90	1.0	25226(90.8%)	1	0	1.0	25226	2
2018-03-20-3816	pfama1.000	104	1.0	44596(93.1%)	1	0	1.0	44596	2
2018-03-20-3818	pfama1.009	41	1.0	45034(92.1%)	1	0	1.0	45034	2
2018-03-21-3095	pfama1.006	45	1.0	41037(90%)	1	0	1.0	41037	2
2018-03-21-3096	pfama1.010	37	0.3008128068477712	44078(92.7%)	4	0	0.566656	24976	2
2018-03-21-3096	pfama1.026	14	0.1138209456804768	44078(92.7%)	4	1	0.40976999999999997	18062	2
2018-03-21-3096	pfama1.011	36	0.292683123735876	44078(92.7%)	4	2	0.0134394	593	2
2018-03-21-3096	pfama1.012	36	0.292683123735876	44078(92.7%)	4	3	0.0101346	447	2
2018-03-21-3313	pfama1.016	23	1.0	51893(87.3%)	1	0	1.0	51893	2
2018-03-21-3315	pfama1.008	42	0.5316457075148762	31355(98.4%)	2	0	0.9588663835465534	30049	2
2018-03-21-3315	pfama1.010	37	0.4683542924851238	31355(98.4%)	2	1	0.041133616453446584	1306	2
2018-03-21-3364	pfama1.016	23	1.0	55655(96.9%)	1	0	1.0	55655	2
2018-03-21-3505	pfama1.033	7	1.0	64907(90.7%)	1	0	1.0	64907	2
2018-03-21-3510	pfama1.029	12	1.0	44998(92%)	1	0	1.0	44998	2
2018-03-26-3164	pfama1.011	36	0.2553195984613413	58426(94.2%)	2	0	0.661208	38618	2
2018-03-26-3164	pfama1.000	104	0.7446804015386587	58426(94.2%)	2	1	0.338792	19808	2
2018-03-27-3285	pfama1.010	37	0.19576688849835205	36489(76.5%)	5	0	0.45386572768056344	16573	2
2018-03-27-3285	pfama1.007	42	0.22222199649637686	36489(76.5%)	5	1	0.27188583686849793	9912	2
2018-03-27-3285	pfama1.001	90	0.47619124343596053	36489(76.5%)	5	2	0.1238799256720446	4521	2
2018-03-27-3285	pfama1.027	14	0.074073882077378	36489(76.5%)	5	3	0.09711014173391497	3537	2
2018-03-27-3285	pfama1.036	6	0.031745989491932615	36489(76.5%)	5	4	0.05325836804497918	1946	2
2018-03-27-3523	pfama1.005	56	1.0	69181(87.2%)	1	0	1.0	69181	2
2018-04-02-3542	pfama1.005	56	0.6292135583638919	29876(94.1%)	2	0	0.9908950099089501	29602	2
2018-04-02-3542	pfama1.014	33	0.370786441636108	29876(94.1%)	2	1	0.0091049900910499	274	2
2018-04-03-3604	pfama1.019	17	0.02828622921679833	55200(83.2%)	13	0	0.26527702652770263	14641	2
2018-04-03-3604	pfama1.005	56	0.09317796597054206	55200(83.2%)	13	1	0.1804020180402018	10028	2
2018-04-03-3604	pfama1.000	104	0.174708479664031	55200(83.2%)	13	2	0.16347001634700162	8965	2
2018-04-03-3604	pfama1.001	90	0.1497507548533153	55200(83.2%)	13	3	0.11358101135810113	6230	2
2018-04-03-3604	pfama1.013	34	0.05657234828387113	55200(83.2%)	13	4	0.09200050920005091	5133	2
2018-04-03-3604	pfama1.032	9	0.014975075485331531	55200(83.2%)	13	5	0.06634760663476066	3686	2
2018-04-03-3604	pfama1.012	36	0.059900191791600596	55200(83.2%)	13	6	0.03508320350832035	1927	2
2018-04-03-3604	pfama1.003	62	0.1081530414558736	55200(83.2%)	13	7	0.02223180222318022	1222	2
2018-04-03-3604	pfama1.008	42	0.06988350201533793	55200(83.2%)	13	8	0.01501520150152015	813	2
2018-04-03-3604	pfama1.045	3	0.004991677141813773	55200(83.2%)	13	9	0.014542601454260146	795	2
2018-04-03-3604	pfama1.004	57	0.09816973123213625	55200(83.2%)	13	10	0.014330301433030141	795	2
2018-04-03-3604	pfama1.038	5	0.008319465574680473	55200(83.2%)	13	11	0.0102879010287901	554	2
2018-04-03-3604	pfama1.002	80	0.133111537314668	55200(83.2%)	13	12	0.0074308007430800745	411	2
2018-04-04-3546	pfama1.009	41	1.0	77164(84%)	1	0	1.0	77164	2
2018-04-04-3579	pfama1.030	9	1.0	78213(84.3%)	1	0	1.0	78213	2
2018-04-09-3122	pfama1.001	90	0.6040273525508506	67461(88.9%)	2	0	0.9656781931356386	65082	2
2018-04-09-3122	pfama1.004	57	0.39597264744914934	67461(88.9%)	2	1	0.03432180686436137	2379	2
2018-04-09-3148	pfama1.001	90	1.0	97525(87.9%)	1	0	1.0	97525	2
2018-04-09-3190	pfama1.001	90	1.0	65261(90.9%)	1	0	1.0	65261	2
2018-04-09-3205	pfama1.028	13	0.11016984810446148	66446(75.7%)	2	0	0.9091066363573455	59928	2
2018-04-09-3205	pfama1.000	104	0.8898301518955385	66446(75.7%)	2	1	0.09089336364265455	6518	2
2018-04-09-3659	pfama1.013	34	0.6666662339870689	70960(87%)	2	0	0.732838	51042	2
2018-04-09-3659	pfama1.020	17	0.333333766012931	70960(87%)	2	1	0.267162	19918	2
2018-04-10-3673	pfama1.004	57	1.0	89972(86.7%)	1	0	1.0	89102	2
2018-04-10-3685	pfama1.032	9	1.0	68771(65.9%)	1	0	1.0	67724	2
2018-04-11-3708	pfama1.004	57	1.0	84553(85.7%)	1	0	1.0	84553	2
2018-04-11-3713	pfama1.018	20	1.0	89188(87.1%)	1	0	1.0	89188	2
2018-04-11-3714	pfama1.007	42	1.0	38768(87.4%)	1	0	1.0	37822	1
2018-04-16-3761	pfama1.006	45	1.0	87796(85.6%)	1	0	1.0	87796	2
2018-04-16-3766	pfama1.000	104	1.0	64550(62.7%)	1	0	1.0	64550	2
2018-04-16-3777	pfama1.009	41	0.5466666078221956	61882(86%)	2	0	0.9264530926453093	57304	2
2018-04-16-3777	pfama1.013	34	0.45333339217780444	61882(86%)	2	1	0.07354690735469073	4578	2
2018-04-17-3805	pfama1.001	90	1.0	55591(91.7%)	1	0	1.0	51564	1
2018-04-18-3364	pfama1.016	23	1.0	77856(91.8%)	1	0	1.0	77856	2
2018-04-18-3505	pfama1.033	7	1.0	87259(86.6%)	1	0	1.0	87259	2
2018-04-18-3510	pfama1.029	12	1.0	67353(89.6%)	1	0	1.0	67353	2
2018-04-18-3787	pfama1.003	62	1.0	75821(84.6%)	1	0	1.0	75821	2
2018-04-23-3164	pfama1.000	104	1.0	22105(96.8%)	1	0	1.0	22105	2
2018-04-24-3523	pfama1.005	56	1.0	85672(84.1%)	1	0	1.0	85672	2
2018-04-24-3527	pfama1.002	80	1.0	76187(86.3%)	1	0	1.0	76187	2
2018-04-25-3249	pfama1.000	104	1.0	49280(88.1%)	1	0	1.0	48664	1
2018-04-30-3541	pfama1.007	42	1.0	42612(86.3%)	1	0	1.0	42366	1
2018-04-30-3546	pfama1.009	41	1.0	63973(85.2%)	1	0	1.0	63400	2
2018-05-01-3577	pfama1.000	104	1.0	42095(88.3%)	1	0	1.0	39254	1
2018-05-01-3579	pfama1.030	9	1.0	74540(85.8%)	1	0	1.0	74540	2
2018-05-01-3604	pfama1.002	80	0.2083335057291973	24137(80.8%)	9	0	0.3740759625924037	9017	2
2018-05-01-3604	pfama1.000	104	0.2734370797850817	24137(80.8%)	9	1	0.18713498128650186	4559	2
2018-05-01-3604	pfama1.009	41	0.10677079238931567	24137(80.8%)	9	2	0.10330298966970101	2447	2
2018-05-01-3604	pfama1.019	17	0.044270913066420406	24137(80.8%)	9	3	0.09943859005614099	2412	2
2018-05-01-3604	pfama1.004	57	0.153645917376317	24137(80.8%)	9	4	0.0795647920435208	1929	2
2018-05-01-3604	pfama1.012	36	0.09375007757813879	24137(80.8%)	9	5	0.06778379322162068	1659	2
2018-05-01-3604	pfama1.015	28	0.07291672700521905	24137(80.8%)	9	6	0.04093859590614041	987	2
2018-05-01-3604	pfama1.045	3	0.007812497845051702	24137(80.8%)	9	7	0.035183396481660356	821	2
2018-05-01-3604	pfama1.024	15	0.039062489225258505	24137(80.8%)	9	8	0.012576898742310124	306	2
2018-05-07-3122	pfama1.001	90	1.0	43252(52.8%)	1	0	1.0	38034	2
2018-05-07-3148	pfama1.001	90	1.0	100116(87.8%)	1	0	1.0	99549	2
2018-05-07-3190	pfama1.001	90	1.0	78179(85.1%)	1	0	1.0	78179	2
2018-05-07-3205	pfama1.021	15	1.0	53890(55.4%)	1	0	1.0	53890	2
2018-05-07-3659	pfama1.013	34	0.6666662339870689	75824(91.3%)	2	0	0.895301	67809	2
2018-05-07-3659	pfama1.020	17	0.333333766012931	75824(91.3%)	2	1	0.104699	8015	2
2018-05-07-3665	pfama1.002	80	1.0	81004(88.2%)	1	0	1.0	81004	2
2018-05-08-3672	pfama1.003	62	1.0	71388(86%)	1	0	1.0	71388	2
2018-05-08-3673	pfama1.004	57	1.0	44780(87.9%)	1	0	1.0	39924	1
2018-05-09-3708	pfama1.004	57	1.0	62190(93.2%)	1	0	1.0	62190	2
2018-05-09-3709	pfama1.015	28	1.0	79426(86.6%)	1	0	1.0	79426	2
2018-05-09-3713	pfama1.018	20	1.0	83333(92.5%)	1	0	1.0	82819	2
2018-05-09-3714	pfama1.005	56	0.5714284749270786	40610(77.9%)	2	0	0.536346	21781	1
2018-05-09-3714	pfama1.007	42	0.42857152507292134	40610(77.9%)	2	1	0.463654	18829	1
2018-05-09-3728	pfama1.005	56	1.0	77056(84.9%)	1	0	1.0	76511	2
2018-05-14-3747	pfama1.001	90	1.0	81076(91.9%)	1	0	1.0	81076	2
2018-05-14-3761	pfama1.000	104	1.0	30373(88%)	1	0	1.0	30199	1
2018-05-14-3766	pfama1.003	62	0.38235331913536474	58645(82.9%)	2	0	0.8959870000000001	52712	2
2018-05-14-3766	pfama1.000	104	0.6176466808646353	58645(82.9%)	2	1	0.10401300000000001	5933	2
2018-05-14-3777	pfama1.014	33	0.423076825147868	57540(69%)	2	0	0.657514	35833	2
2018-05-14-3777	pfama1.006	45	0.5769231748521321	57540(69%)	2	1	0.342486	21707	2
2018-05-15-3785	pfama1.031	9	0.07894767405397746	66853(90%)	2	0	0.588765	39416	2
2018-05-15-3785	pfama1.000	104	0.9210523259460225	66853(90%)	2	1	0.411235	27437	2
2018-05-15-3787	pfama1.003	62	1.0	78431(87.2%)	1	0	1.0	77959	2
2018-05-15-3805	pfama1.001	90	1.0	55297(84.3%)	1	0	1.0	55297	2
2018-05-15-3818	pfama1.009	41	1.0	71000(83.3%)	1	0	1.0	71000	2
2018-05-16-3095	pfama1.006	45	1.0	34536(89.5%)	1	0	1.0	34334	1
2018-05-16-3364	pfama1.016	23	1.0	53357(87.6%)	1	0	1.0	53357	2
2018-05-16-3505	pfama1.033	7	1.0	44852(64.3%)	1	0	1.0	44852	2
2018-05-16-3506	pfama1.007	42	1.0	35125(62.7%)	1	0	1.0	35125	2
2018-05-16-3510	pfama1.029	12	0.25	34676(66.7%)	2	0	0.518562	18062	2
2018-05-16-3510	pfama1.011	36	0.75	34676(66.7%)	2	1	0.48143800000000003	16614	2
2018-05-21-3808	pfama1.000	104	0.5172410419564958	15377(71.6%)	4	0	0.45386881845247257	6982	2
2018-05-21-3808	pfama1.025	14	0.0689654722608661	15377(71.6%)	4	1	0.30272087891164845	4653	2
2018-05-21-3808	pfama1.008	42	0.20689674289131907	15377(71.6%)	4	2	0.175149929940028	2693	2
2018-05-21-3808	pfama1.007	42	0.20689674289131907	15377(71.6%)	4	3	0.06826037269585092	1049	2
2018-05-22-3527	pfama1.002	80	1.0	54202(88%)	1	0	1.0	54202	2
2018-05-23-3525	pfama1.014	33	1.0	29637(88.2%)	1	0	1.0	29160	1
2018-05-28-3393	pfama1.003	62	1.0	56740(98.3%)	1	0	1.0	56740	2
2018-05-28-3541	pfama1.007	42	1.0	52214(85.3%)	1	0	1.0	52214	2
2018-05-28-3546	pfama1.009	41	1.0	40256(86.1%)	1	0	1.0	39032	1
2018-05-28-3614	pfama1.002	80	1.0	58190(78%)	1	0	1.0	58190	2
2018-05-28-3616	pfama1.002	80	1.0	58359(88.2%)	1	0	1.0	58359	2
2018-05-29-3575	pfama1.000	104	1.0	19605(81.9%)	1	0	1.0	19605	2
2018-05-29-3577	pfama1.000	104	1.0	37268(87.1%)	1	0	1.0	35600	1
2018-05-29-3580	pfama1.006	45	1.0	34509(86%)	1	0	1.0	34169	1
2018-05-29-3602	pfama1.023	15	0.12500013791688133	78274(89.6%)	2	0	0.9905332028500012	76983	2
2018-05-29-3602	pfama1.000	104	0.8749998620831186	78274(89.6%)	2	1	0.009466797149998731	744	2
2018-05-30-3642	pfama1.002	80	1.0	62788(84.9%)	1	0	1.0	62788	2
2018-06-04-3122	pfama1.004	57	0.7763155717106678	37986(61%)	2	0	0.646188	25157	2
2018-06-04-3122	pfama1.020	17	0.22368442828933213	37986(61%)	2	1	0.353812	12829	2
2018-06-04-3190	pfama1.001	90	1.0	64741(87.2%)	1	0	1.0	64741	2
2018-06-04-3202	pfama1.045	3	1.0	212(92.2%)	1	0	1.0	212	1
2018-06-04-3205	pfama1.000	104	0.7894732912539738	43806(69.9%)	3	0	0.6085520000000001	26615	2
2018-06-04-3205	pfama1.021	15	0.11278204096341524	43806(69.9%)	3	1	0.20919400000000002	9248	2
2018-06-04-3205	pfama1.028	13	0.09774466778261087	43806(69.9%)	3	2	0.182254	7943	2
2018-06-04-3659	pfama1.017	22	0.3928570161989121	47841(77.4%)	2	0	0.636278	30581	2
2018-06-04-3659	pfama1.013	34	0.6071429838010878	47841(77.4%)	2	1	0.363722	17260	2
2018-06-05-3672	pfama1.003	62	1.0	57152(87.4%)	1	0	1.0	56759	2
2018-06-05-3685	pfama1.004	57	0.8676468154413346	61710(87.9%)	2	0	0.911189908881009	57265	2
2018-06-05-3685	pfama1.032	9	0.13235318455866535	61710(87.9%)	2	1	0.0888100911189909	4445	2
2018-06-06-3708	pfama1.004	57	1.0	50272(86.2%)	1	0	1.0	50272	2
2018-06-06-3713	pfama1.018	20	1.0	30339(84.4%)	1	0	1.0	29853	1
2018-06-06-3714	pfama1.007	42	1.0	45515(76.1%)	1	0	1.0	45515	2
2018-06-06-3728	pfama1.005	56	1.0	64182(83.9%)	1	0	1.0	63771	2
2018-06-07-3782	pfama1.011	36	0.150627667215194	32978(89.6%)	5	0	0.7996760319870413	26363	2
2018-06-07-3782	pfama1.009	41	0.17154796881011491	32978(89.6%)	5	1	0.15303600612144022	5051	2
2018-06-07-3782	pfama1.002	80	0.33472814936709777	32978(89.6%)	5	2	0.02496790099871604	842	2
2018-06-07-3782	pfama1.003	62	0.27196641362024426	32978(89.6%)	5	3	0.013954700558188022	475	2
2018-06-07-3782	pfama1.019	17	0.07112980098734915	32978(89.6%)	5	4	0.008365360334614413	247	2
2018-06-11-3746	pfama1.002	80	1.0	59600(84.4%)	1	0	1.0	59600	2
2018-06-11-3747	pfama1.001	90	1.0	72649(92.3%)	1	0	1.0	72649	2
2018-06-11-3777	pfama1.014	33	1.0	48824(79.8%)	1	0	1.0	48824	2
2018-06-11-3782	pfama1.011	36	0.46753276899982976	54162(88.9%)	2	0	0.7530220000000001	39970	2
2018-06-11-3782	pfama1.009	41	0.5324672310001702	54162(88.9%)	2	1	0.24697800000000003	14192	2
2018-06-12-3787	pfama1.003	62	1.0	59639(87.8%)	1	0	1.0	59639	2
2018-06-12-3805	pfama1.001	90	1.0	59465(89.2%)	1	0	1.0	59465	2
2018-06-12-3816	pfama1.000	104	1.0	59953(82%)	1	0	1.0	59953	2
2018-06-13-3081	pfama1.001	90	1.0	3867(94%)	1	0	1.0	3867	2
2018-06-13-3315	pfama1.015	28	0.40000018914282365	41399(75.6%)	2	0	0.600366	25062	2
2018-06-13-3315	pfama1.008	42	0.5999998108571764	41399(75.6%)	2	1	0.399634	16337	2
2018-06-13-3364	pfama1.016	23	1.0	63643(91.3%)	1	0	1.0	63643	2
2018-06-13-3467	pfama1.000	104	1.0	35(85.4%)	1	0	1.0	35	1
2018-06-13-3506	pfama1.007	42	1.0	30871(85.9%)	1	0	1.0	30096	1
2018-06-13-3510	pfama1.011	36	0.75	52255(78.8%)	2	0	0.738826	38428	2
2018-06-13-3510	pfama1.029	12	0.25	52255(78.8%)	2	1	0.26117399999999996	13827	2
2018-06-18-3164	pfama1.011	36	0.2553195984613413	87144(94.1%)	2	0	0.56029	48506	2
2018-06-18-3164	pfama1.000	104	0.7446804015386587	87144(94.1%)	2	1	0.43971000000000005	38638	2
2018-06-19-3046	pfama1.003	62	1.0	41947(59.8%)	1	0	1.0	41947	2
2018-06-19-3285	pfama1.001	90	0.5294122228366265	81(100%)	2	0	0.82716	67	1
2018-06-19-3285	pfama1.002	80	0.47058777716337363	81(100%)	2	1	0.17284000000000002	14	1
2018-06-19-3393	pfama1.022	15	1.0	26352(86.8%)	1	0	1.0	26158	1
2018-06-19-3527	pfama1.002	80	1.0	34814(88.8%)	1	0	1.0	34814	1
2018-06-20-3555	pfama1.012	36	0.5142859574693447	66157(76.8%)	2	0	0.81959	54105	2
2018-06-20-3555	pfama1.013	34	0.4857140425306553	66157(76.8%)	2	1	0.18041000000000001	12052	2
2018-06-25-3541	pfama1.007	42	1.0	55588(84.6%)	1	0	1.0	55588	2
2018-06-25-3542	pfama1.025	14	0.2978721606154635	47252(67.2%)	2	0	0.725037	34515	2
2018-06-25-3542	pfama1.014	33	0.7021278393845365	47252(67.2%)	2	1	0.274963	12737	2
2018-06-25-3555	pfama1.012	36	1.0	62869(79.3%)	1	0	1.0	62302	2
2018-06-25-3570	pfama1.000	104	1.0	5385(98.6%)	1	0	1.0	5385	2
2018-06-25-3685	pfama1.004	57	1.0	37712(97.7%)	1	0	1.0	37712	2
2018-06-26-3575	pfama1.000	104	1.0	64316(85.2%)	1	0	1.0	63870	2
2018-06-26-3579	pfama1.030	9	1.0	70605(92.3%)	1	0	1.0	70605	2
2018-06-26-3604	pfama1.002	80	0.14519062453943102	11223(82.6%)	12	0	0.24716385170168895	2783	2
2018-06-26-3604	pfama1.000	104	0.1905622441636393	11223(82.6%)	12	1	0.19876488074107151	2236	2
2018-06-26-3604	pfama1.032	9	0.016333975296976916	11223(82.6%)	12	2	0.1564249061450563	1752	2
2018-06-26-3604	pfama1.011	36	0.06533578104274396	11223(82.6%)	12	3	0.13436091938344832	1514	2
2018-06-26-3604	pfama1.024	15	0.027223212064852384	11223(82.6%)	12	4	0.06754775947134431	753	2
2018-06-26-3604	pfama1.005	56	0.101633317032438	11223(82.6%)	12	5	0.03784987729007363	419	2
2018-06-26-3604	pfama1.010	37	0.06715057374061406	11223(82.6%)	12	6	0.03550397869761278	395	2
2018-06-26-3604	pfama1.019	17	0.030853037750920017	11223(82.6%)	12	7	0.035262178842692685	389	2
2018-06-26-3604	pfama1.007	42	0.07622501781061944	11223(82.6%)	12	8	0.02700488379706972	302	2
2018-06-26-3604	pfama1.001	90	0.16333975296976916	11223(82.6%)	12	9	0.026395684162589497	300	2
2018-06-26-3604	pfama1.004	57	0.10707805556153943	11223(82.6%)	12	10	0.02133888719666768	240	2
2018-06-26-3604	pfama1.038	5	0.009074408026456253	11223(82.6%)	12	11	0.012382192570684455	140	2
2018-06-26-3614	pfama1.002	80	0.9523809523809523	71456(88.8%)	2	0	0.9174967247509825	65581	2
2018-06-26-3614	pfama1.040	4	0.047619047619047616	71456(88.8%)	2	1	0.08250327524901743	5875	2
2018-06-26-3616	pfama1.002	80	1.0	52768(87.6%)	1	0	1.0	52768	2
2018-06-26-3825	pfama1.000	104	1.0	24629(97.9%)	1	0	1.0	24629	2
2018-06-27-3629	pfama1.004	57	1.0	76219(88.1%)	1	0	1.0	75649	2
2018-06-27-3630	pfama1.008	42	1.0	47356(86.7%)	1	0	1.0	46442	1
2018-06-28-3642	pfama1.002	80	1.0	54700(84.9%)	1	0	1.0	54700	2
2018-06-30-3046	pfama1.022	15	1.0	55208(98.9%)	1	0	1.0	55208	2
2018-07-02-3122	pfama1.004	57	0.35542123269780107	65734(79.8%)	3	0	0.667879	44727	2
2018-07-02-3122	pfama1.001	90	0.5421691311503587	65734(79.8%)	3	1	0.17978	11389	2
2018-07-02-3122	pfama1.020	17	0.10240963615184022	65734(79.8%)	3	2	0.152341	9618	2
2018-07-02-3190	pfama1.001	90	1.0	59544(83.9%)	1	0	1.0	59544	2
2018-07-02-3202	pfama1.021	15	1.0	63737(89.5%)	1	0	1.0	63737	2
2018-07-02-3205	pfama1.028	13	0.11016984810446148	54622(83%)	2	0	0.888114	48701	2
2018-07-02-3205	pfama1.000	104	0.8898301518955385	54622(83%)	2	1	0.11188599999999999	5921	2
2018-07-02-3659	pfama1.013	34	1.0	80144(83.1%)	1	0	1.0	80144	2
2018-07-02-3825	pfama1.000	104	1.0	68375(84.3%)	1	0	1.0	68375	2
2018-07-03-3672	pfama1.003	62	1.0	73084(90.7%)	1	0	1.0	73084	2
2018-07-03-3685	pfama1.004	57	1.0	48921(81.1%)	1	0	1.0	48595	2
2018-07-04-3708	pfama1.004	57	1.0	68272(92.2%)	1	0	1.0	68272	2
2018-07-04-3713	pfama1.018	20	1.0	65938(87.7%)	1	0	1.0	65563	2
2018-07-04-3714	pfama1.005	56	0.5714284749270786	40741(73.6%)	2	0	0.594422	24250	2
2018-07-04-3714	pfama1.007	42	0.42857152507292134	40741(73.6%)	2	1	0.405578	16491	2
2018-07-05-3720	pfama1.000	104	0.5384604938858373	50054(84.5%)	2	0	0.879777	43731	2
2018-07-05-3720	pfama1.001	90	0.4615395061141627	50054(84.5%)	2	1	0.120223	6323	2
2018-07-09-3746	pfama1.012	36	0.3103448275862069	44076(70.7%)	2	0	0.7777310000000001	35854	2
2018-07-09-3746	pfama1.002	80	0.6896551724137931	44076(70.7%)	2	1	0.222269	8222	2
2018-07-09-3747	pfama1.001	90	1.0	48657(83.3%)	1	0	1.0	48657	2
2018-07-09-3777	pfama1.014	33	0.9705882868339568	46582(90.2%)	2	0	0.8824609487917947	38395	1
2018-07-09-3777	pfama1.078	1	0.02941171316604318	46582(90.2%)	2	1	0.11753905120820528	5114	1
2018-07-10-3785	pfama1.031	9	1.0	47783(80.3%)	1	0	1.0	47783	2
2018-07-10-3787	pfama1.003	62	1.0	33470(89.5%)	1	0	1.0	32775	1
2018-07-10-3816	pfama1.000	104	1.0	55060(92.3%)	1	0	1.0	55060	2
2018-07-10-3818	pfama1.009	41	1.0	27583(87.1%)	1	0	1.0	26560	1
2018-07-11-3081	pfama1.001	90	1.0	34042(96.7%)	1	0	1.0	34042	2
2018-07-11-3093	pfama1.035	6	1.0	52465(85.9%)	1	0	1.0	52465	2
2018-07-11-3313	pfama1.026	14	1.0	38084(85.8%)	1	0	1.0	37531	1
2018-07-11-3364	pfama1.016	23	1.0	9996(95.4%)	1	0	1.0	9996	2
2018-07-11-3510	pfama1.029	12	0.25	36329(64.1%)	2	0	0.5479430000000001	19948	2
2018-07-11-3510	pfama1.011	36	0.75	36329(64.1%)	2	1	0.452057	16381	2
2018-07-11-3805	pfama1.001	90	1.0	41231(88.9%)	1	0	1.0	39758	1
2018-07-11-3839	pfama1.001	90	1.0	53452(94.3%)	1	0	1.0	53452	2
2018-07-15-3149	pfama1.003	62	1.0	40339(99.1%)	1	0	1.0	40339	2
2018-07-16-3164	pfama1.011	36	0.2553195984613413	69322(91.7%)	2	0	0.766983	52955	2
2018-07-16-3164	pfama1.000	104	0.7446804015386587	69322(91.7%)	2	1	0.233017	16367	2
2018-07-17-3046	pfama1.022	15	1.0	39466(85.9%)	1	0	1.0	38692	1
2018-07-18-3523	pfama1.005	56	1.0	62180(87.1%)	1	0	1.0	62180	2
2018-07-19-3441	pfama1.008	42	0.25301200014516145	32417(73.6%)	3	0	0.420933	13615	2
2018-07-19-3441	pfama1.003	62	0.39156620019596794	32417(73.6%)	3	1	0.397469	12899	2
2018-07-19-3441	pfama1.004	57	0.35542179965887055	32417(73.6%)	3	2	0.181598	5903	2
2018-07-19-3527	pfama1.002	80	1.0	41386(90.1%)	1	0	1.0	40440	1
2018-07-23-3541	pfama1.007	42	1.0	33374(89.3%)	1	0	1.0	32899	1
2018-07-23-3542	pfama1.025	14	1.0	56307(86.9%)	1	0	1.0	56307	2
2018-07-24-3575	pfama1.000	104	1.0	61305(94%)	1	0	1.0	61305	2
2018-07-24-3579	pfama1.030	9	1.0	59101(87.5%)	1	0	1.0	59101	2
2018-07-24-3580	pfama1.006	45	1.0	65702(86.3%)	1	0	1.0	65702	2
2018-07-24-3616	pfama1.002	80	1.0	48711(82.9%)	1	0	1.0	48711	2
2018-07-25-3630	pfama1.071	1	1.0	112(91.8%)	1	0	1.0	112	1
2018-07-30-3122	pfama1.001	90	0.6040273525508506	44129(76.7%)	2	0	0.760232	33590	2
2018-07-30-3122	pfama1.004	57	0.39597264744914934	44129(76.7%)	2	1	0.23976799999999998	10539	2
2018-07-30-3149	pfama1.074	1	0.015151477157937274	38074(90.4%)	2	0	0.523335575679172	19253	1
2018-07-30-3149	pfama1.003	62	0.9848485228420627	38074(90.4%)	2	1	0.476664424320828	17536	1
2018-07-30-3202	pfama1.021	15	1.0	53243(87.8%)	1	0	1.0	51789	1
2018-07-30-3205	pfama1.028	13	1.0	77732(86.8%)	1	0	1.0	77732	2
2018-07-30-3659	pfama1.013	34	0.4657532880090032	61804(82.9%)	3	0	0.7497177750846675	46230	2
2018-07-30-3659	pfama1.017	22	0.30136961456182393	61804(82.9%)	3	1	0.17572094728371584	11076	2
2018-07-30-3659	pfama1.020	17	0.23287709742917279	61804(82.9%)	3	2	0.07456127763161673	4498	2
2018-08-01-3713	pfama1.018	20	1.0	32543(87.2%)	1	0	1.0	31665	1
2018-08-01-3714	pfama1.007	42	0.42857152507292134	48612(83.6%)	2	0	0.6956	34491	2
2018-08-01-3714	pfama1.005	56	0.5714284749270786	48612(83.6%)	2	1	0.3044	14121	2
2018-08-01-3720	pfama1.000	104	0.5384604938858373	64992(95.5%)	2	0	0.9612789038721097	62476	2
2018-08-01-3720	pfama1.001	90	0.4615395061141627	64992(95.5%)	2	1	0.03872109612789039	2516	2
2018-08-01-3728	pfama1.005	56	1.0	58635(86.6%)	1	0	1.0	58218	2
2018-08-06-3746	pfama1.002	80	1.0	81200(88.6%)	1	0	1.0	80646	2
2018-08-06-3766	pfama1.003	62	0.38235331913536474	40212(69%)	2	0	0.511059	20632	2
2018-08-06-3766	pfama1.000	104	0.6176466808646353	40212(69%)	2	1	0.48894099999999996	19580	2
2018-08-07-3786	pfama1.005	56	0.4307690505798612	53885(83.5%)	3	0	0.864873546454446	45860	2
2018-08-07-3786	pfama1.004	57	0.45384637320712556	53885(83.5%)	3	1	0.08210223113234906	4434	2
2018-08-07-3786	pfama1.023	15	0.11538457621301329	53885(83.5%)	3	2	0.05302422241320501	2850	2
2018-08-07-3787	pfama1.003	62	1.0	50426(87.1%)	1	0	1.0	50426	2
2018-08-07-3805	pfama1.001	90	1.0	26156(87.5%)	1	0	1.0	24798	1
2018-08-07-3816	pfama1.000	104	1.0	62074(83.6%)	1	0	1.0	62074	2
2018-08-07-3818	pfama1.009	41	1.0	32711(88%)	1	0	1.0	31046	1
2018-08-08-3364	pfama1.016	23	1.0	54714(88.4%)	1	0	1.0	54407	2
2018-08-08-3510	pfama1.011	36	1.0	34182(48.8%)	1	0	1.0	34182	2
2018-08-14-3285	pfama1.036	6	0.02752288953292435	2153(94.8%)	4	0	0.7231160723116072	1541	2
2018-08-14-3285	pfama1.001	90	0.41284455767127387	2153(94.8%)	4	1	0.1576100157610016	459	2
2018-08-14-3285	pfama1.002	80	0.3669722653314609	2153(94.8%)	4	2	0.08462520846252085	116	2
2018-08-14-3285	pfama1.007	42	0.19266028746434088	2153(94.8%)	4	3	0.034648703464870347	37	2
2018-08-14-3523	pfama1.005	56	1.0	68831(84.3%)	1	0	1.0	68382	2
2018-08-14-3527	pfama1.002	80	1.0	72289(86%)	1	0	1.0	71798	2
2018-08-20-3429	pfama1.001	90	1.0	61428(91%)	1	0	1.0	61428	2
2018-08-20-3542	pfama1.025	14	1.0	37779(60.8%)	1	0	1.0	37511	2
2018-08-20-3547	pfama1.014	33	1.0	107(90.7%)	1	0	1.0	107	1
2018-08-20-3570	pfama1.000	104	1.0	62374(97.7%)	1	0	1.0	62374	2
2018-08-21-3575	pfama1.000	104	1.0	61090(86.9%)	1	0	1.0	61090	2
2018-08-21-3577	pfama1.000	104	1.0	39048(90.7%)	1	0	1.0	38791	1
2018-08-21-3614	pfama1.002	80	1.0	54754(87.1%)	1	0	1.0	54754	2
2018-08-22-3629	pfama1.004	57	1.0	59994(97.8%)	1	0	1.0	59994	2
2018-08-23-3081	pfama1.001	90	1.0	7(100%)	1	0	1.0	7	1
2018-08-27-3122	pfama1.004	57	0.39597264744914934	30139(59.7%)	2	0	0.785231	23107	2
2018-08-27-3122	pfama1.001	90	0.6040273525508506	30139(59.7%)	2	1	0.21476900000000002	7032	2
2018-08-27-3202	pfama1.021	15	1.0	63455(86.9%)	1	0	1.0	63455	2
2018-08-27-3659	pfama1.013	34	0.6666662339870689	67453(89.6%)	2	0	0.742839	51640	2
2018-08-27-3659	pfama1.020	17	0.333333766012931	67453(89.6%)	2	1	0.25716100000000003	15813	2
2018-08-28-3699	pfama1.044	3	1.0	16437(26.5%)	1	0	1.0	16437	2
2018-08-29-3713	pfama1.018	20	1.0	43985(87.9%)	1	0	1.0	43363	1
2018-08-29-3714	pfama1.007	42	1.0	41596(70.8%)	1	0	1.0	41596	2
2018-08-29-3720	pfama1.000	104	1.0	43682(66%)	1	0	1.0	43682	2
2018-08-29-3728	pfama1.005	56	1.0	68163(90.5%)	1	0	1.0	68163	2
2018-09-01-3769	pfama1.004	57	0.39597264744914934	48626(83.5%)	2	0	0.798261	38829	2
2018-09-01-3769	pfama1.001	90	0.6040273525508506	48626(83.5%)	2	1	0.201739	9797	2
2018-09-03-3742	pfama1.002	80	1.0	38380(92.6%)	1	0	1.0	38380	2
2018-09-03-3764	pfama1.012	36	1.0	42854(95%)	1	0	1.0	42854	2
2018-09-03-3766	pfama1.003	62	0.38235331913536474	36961(77.3%)	2	0	0.701936	23992	2
2018-09-03-3766	pfama1.000	104	0.6176466808646353	36961(77.3%)	2	1	0.298064	12969	2
2018-09-03-3769	pfama1.004	57	0.39597264744914934	40214(81.3%)	2	0	0.547151	21996	2
2018-09-03-3769	pfama1.001	90	0.6040273525508506	40214(81.3%)	2	1	0.452849	18218	2
2018-09-04-3785	pfama1.031	9	0.07894767405397746	55655(95.3%)	2	0	0.9861466055413579	54873	2
2018-09-04-3785	pfama1.000	104	0.9210523259460225	55655(95.3%)	2	1	0.013853394458642218	782	2
2018-09-04-3786	pfama1.001	90	0.6040273525508506	57391(77.2%)	2	0	0.602701	34634	2
2018-09-04-3786	pfama1.004	57	0.39597264744914934	57391(77.2%)	2	1	0.39729899999999996	22757	2
2018-09-04-3787	pfama1.003	62	1.0	69176(93.3%)	1	0	1.0	69176	2
2018-09-04-3805	pfama1.001	90	1.0	34007(94.6%)	1	0	1.0	33433	1
2018-09-04-3816	pfama1.000	104	1.0	27231(97.6%)	1	0	1.0	27048	1
2018-09-04-3818	pfama1.009	41	1.0	45509(92.4%)	1	0	1.0	45509	2
2018-09-04-3839	pfama1.001	90	1.0	48030(96%)	1	0	1.0	48030	2
2018-09-05-3079	pfama1.001	90	1.0	39552(93.3%)	1	0	1.0	39188	1
2018-09-05-3081	pfama1.001	90	1.0	33416(94%)	1	0	1.0	33416	2
2018-09-05-3095	pfama1.006	45	1.0	58344(93.5%)	1	0	1.0	58344	2
2018-09-05-3096	pfama1.015	28	0.3589745113083154	39711(83.9%)	3	0	0.6709391341878268	26932	2
2018-09-05-3096	pfama1.026	14	0.1794868312952791	39711(83.9%)	3	1	0.2964040592808118	11474	2
2018-09-05-3096	pfama1.011	36	0.46153865739640554	39711(83.9%)	3	2	0.032656806531361306	1305	2
2018-09-05-3315	pfama1.022	15	0.17647049660900255	53900(91.9%)	3	0	0.8291261658252331	44691	2
2018-09-05-3315	pfama1.008	42	0.49411754626990284	53900(91.9%)	3	1	0.1600500320100064	8629	2
2018-09-05-3315	pfama1.015	28	0.3294119571210946	53900(91.9%)	3	2	0.010823802164760431	580	2
2018-09-05-3364	pfama1.016	23	1.0	64939(94.2%)	1	0	1.0	64939	2
2018-09-05-3506	pfama1.007	42	0.7500002955358716	42213(86.2%)	2	0	0.725132	29986	2
2018-09-05-3506	pfama1.026	14	0.24999970446412845	42213(86.2%)	2	1	0.274868	12227	2
2018-09-05-3510	pfama1.011	36	1.0	37281(88.7%)	1	0	1.0	37281	2
2018-09-10-3164	pfama1.011	36	1.0	65414(88.2%)	1	0	1.0	65414	2
2018-09-11-3285	pfama1.027	14	0.10294098319639833	41005(89.7%)	3	0	0.9730239124278478	39900	2
2018-09-11-3285	pfama1.007	42	0.3088234363538214	41005(89.7%)	3	1	0.017192498452675137	715	2
2018-09-11-3285	pfama1.002	80	0.5882355804497803	41005(89.7%)	3	2	0.009783589119476977	390	2
2018-09-11-3441	pfama1.008	42	0.3925233587038162	43050(88%)	2	0	0.9260178441634037	36753	2
2018-09-11-3441	pfama1.003	62	0.6074766412961838	43050(88%)	2	1	0.07398215583659626	2938	2
2018-09-11-3523	pfama1.005	56	1.0	204(94%)	1	0	1.0	204	1
2018-09-11-3527	pfama1.002	80	1.0	35200(89.7%)	1	0	1.0	35200	2
2018-09-17-3429	pfama1.001	90	1.0	37756(94.1%)	1	0	1.0	37756	2
2018-09-17-3542	pfama1.025	14	0.2978721606154635	45228(78%)	2	0	0.80069	37606	2
2018-09-17-3542	pfama1.014	33	0.7021278393845365	45228(78%)	2	1	0.19931	7622	2
2018-09-17-3546	pfama1.009	41	1.0	63967(88.7%)	1	0	1.0	63967	2
2018-09-17-3570	pfama1.000	104	1.0	56055(91.3%)	1	0	1.0	56055	2
2018-09-18-3577	pfama1.000	104	1.0	36731(92.6%)	1	0	1.0	36731	2
2018-09-18-3578	pfama1.023	15	0.06912444786257722	30672(84.6%)	5	0	0.7613917715824685	23498	2
2018-09-18-3578	pfama1.000	104	0.48387052489930427	30672(84.6%)	5	1	0.12398896280331118	3713	2
2018-09-18-3578	pfama1.018	20	0.09216603217322572	30672(84.6%)	5	2	0.05579118326264502	1726	2
2018-09-18-3578	pfama1.012	36	0.1658988579118063	30672(84.6%)	5	3	0.04353438693968392	1277	2
2018-09-18-3578	pfama1.009	41	0.18894013715308658	30672(84.6%)	5	4	0.015293695411891378	458	2
2018-09-18-3579	pfama1.006	45	1.0	220(88.7%)	1	0	1.0	220	1
2018-09-18-3580	pfama1.006	45	1.0	38077(94.2%)	1	0	1.0	37779	1
2018-09-18-3597	pfama1.015	28	1.0	47415(96.3%)	1	0	1.0	47415	2
2018-09-18-3602	pfama1.019	17	0.07083349998276041	52925(68.2%)	5	0	0.3147449685255031	16334	2
2018-09-18-3602	pfama1.000	104	0.43749956901010245	52925(68.2%)	5	1	0.27061797293820267	14766	2
2018-09-18-3602	pfama1.006	45	0.18750005171878775	52925(68.2%)	5	2	0.23831597616840233	13140	2
2018-09-18-3602	pfama1.004	57	0.24583360342033583	52925(68.2%)	5	3	0.10862298913770108	5611	2
2018-09-18-3602	pfama1.027	14	0.05833327586801366	52925(68.2%)	5	4	0.06769809323019069	3074	2
2018-09-18-3614	pfama1.002	80	1.0	38829(57.2%)	1	0	1.0	38829	2
2018-09-19-3629	pfama1.004	57	1.0	45368(92.4%)	1	0	1.0	45368	2
2018-09-24-3122	pfama1.001	90	1.0	51132(93%)	1	0	1.0	51132	2
2018-09-24-3190	pfama1.001	90	1.0	72992(94.3%)	1	0	1.0	72992	2
2018-09-24-3205	pfama1.028	13	0.4642863053567587	43953(94%)	2	0	0.979534	43054	2
2018-09-24-3205	pfama1.021	15	0.5357136946432414	43953(94%)	2	1	0.020465999999999998	899	2
2018-09-24-3659	pfama1.020	17	0.333333766012931	33068(95.2%)	2	0	0.977315293194588	32450	2
2018-09-24-3659	pfama1.013	34	0.6666662339870689	33068(95.2%)	2	1	0.022684706805412045	618	2
2018-09-25-3672	pfama1.025	14	1.0	34654(91.6%)	1	0	1.0	34204	1
2018-09-26-3713	pfama1.018	20	1.0	69269(92.6%)	1	0	1.0	69269	2
2018-09-26-3714	pfama1.007	42	1.0	36890(92%)	1	0	1.0	36634	1
2018-09-26-3728	pfama1.005	56	1.0	71970(92.6%)	1	0	1.0	71970	2
2018-10-01-3441	pfama1.003	62	0.6074766412961838	44298(77.9%)	2	0	0.8270912109485964	34743	2
2018-10-01-3441	pfama1.008	42	0.3925233587038162	44298(77.9%)	2	1	0.1729087890514036	7292	2
2018-10-01-3744	pfama1.013	34	0.2931032465666609	41013(89.8%)	3	0	0.8237662471298742	33768	2
2018-10-01-3744	pfama1.002	80	0.6896553692032577	41013(89.8%)	3	1	0.16700205010061506	6862	2
2018-10-01-3744	pfama1.048	2	0.01724138423008144	41013(89.8%)	3	2	0.009231702769510831	383	2
2018-10-01-3766	pfama1.003	62	0.38235331913536474	37259(90.9%)	2	0	0.9047523619009448	33672	2
2018-10-01-3766	pfama1.000	104	0.6176466808646353	37259(90.9%)	2	1	0.09524763809905526	3587	2
2018-10-01-3777	pfama1.009	41	1.0	40265(96.6%)	1	0	1.0	40265	1
2018-10-02-3785	pfama1.031	9	1.0	63918(90.6%)	1	0	1.0	63918	2
2018-10-02-3786	pfama1.004	57	0.39597264744914934	44808(61.4%)	2	0	0.563298	25975	2
2018-10-02-3786	pfama1.001	90	0.6040273525508506	44808(61.4%)	2	1	0.43670200000000003	18833	2
2018-10-02-3787	pfama1.003	62	1.0	24749(97.6%)	1	0	1.0	24749	1
2018-10-02-3816	pfama1.000	104	1.0	69427(94.6%)	1	0	1.0	69427	2
2018-10-02-3839	pfama1.001	90	1.0	38809(93.2%)	1	0	1.0	38496	1
2018-10-03-3095	pfama1.006	45	1.0	76037(96.1%)	1	0	1.0	76037	2
2018-10-03-3096	pfama1.015	28	0.24347843606806513	54345(76.7%)	4	0	0.5600938879812224	31493	2
2018-10-03-3096	pfama1.026	14	0.12173893020792557	54345(76.7%)	4	1	0.34246093150781376	17877	2
2018-10-03-3096	pfama1.010	37	0.32173893020792554	54345(76.7%)	4	2	0.07769518446096312	3999	2
2018-10-03-3096	pfama1.012	36	0.31304370351608374	54345(76.7%)	4	3	0.019749996050000794	976	2
2018-10-03-3315	pfama1.008	42	0.591549132933964	61498(83.7%)	3	0	0.8195773278309312	49944	2
2018-10-03-3315	pfama1.015	28	0.3943663994207221	61498(83.7%)	3	1	0.11752504701001881	7545	2
2018-10-03-3315	pfama1.082	1	0.014084467645313873	61498(83.7%)	3	2	0.06289762515905006	4009	2
2018-10-03-3364	pfama1.016	23	1.0	60017(92%)	1	0	1.0	60017	2
2018-10-03-3506	pfama1.026	14	0.24999970446412845	43877(91.3%)	2	0	0.9284313713725486	40741	2
2018-10-03-3506	pfama1.007	42	0.7500002955358716	43877(91.3%)	2	1	0.07156862862745147	3136	2
2018-10-03-3510	pfama1.011	36	1.0	36988(92.2%)	1	0	1.0	36486	1
2018-10-03-3805	pfama1.001	90	1.0	68317(88.7%)	1	0	1.0	68317	2
2018-10-08-3164	pfama1.000	104	0.7446804015386587	48702(93.9%)	2	0	0.770208	37462	2
2018-10-08-3164	pfama1.011	36	0.2553195984613413	48702(93.9%)	2	1	0.229792	11240	2
2018-10-09-3285	pfama1.002	80	0.5882355804497803	33249(73.6%)	3	0	0.6733055960166424	22388	2
2018-10-09-3285	pfama1.007	42	0.3088234363538214	33249(73.6%)	3	1	0.3097708141375115	10298	2
2018-10-09-3285	pfama1.027	14	0.10294098319639833	33249(73.6%)	3	2	0.01692358984584609	563	2
2018-10-09-3441	pfama1.008	42	0.3925233587038162	37946(79.2%)	2	0	0.588066	22251	2
2018-10-09-3441	pfama1.003	62	0.6074766412961838	37946(79.2%)	2	1	0.411934	15695	2
2018-10-15-3429	pfama1.001	90	1.0	52603(97.2%)	1	0	1.0	52603	2
2018-10-15-3542	pfama1.014	33	1.0	66358(91.4%)	1	0	1.0	66358	2
2018-10-16-3575	pfama1.000	104	1.0	40508(93.4%)	1	0	1.0	40508	2
2018-10-16-3578	pfama1.013	34	0.13599994322688533	41363(78.7%)	9	0	0.33038486784605275	13656	2
2018-10-16-3578	pfama1.009	41	0.1639998925971301	41363(78.7%)	9	1	0.2228269108692356	9216	2
2018-10-16-3578	pfama1.023	15	0.059999967164803075	41363(78.7%)	9	2	0.11778195288721882	4873	2
2018-10-16-3578	pfama1.006	45	0.17999990149440925	41363(78.7%)	9	3	0.11549395380241845	4758	2
2018-10-16-3578	pfama1.011	36	0.1440000800755125	41363(78.7%)	9	4	0.1039539584184166	4321	2
2018-10-16-3578	pfama1.018	20	0.08000004448639583	41363(78.7%)	9	5	0.03572448571020571	1478	2
2018-10-16-3578	pfama1.020	17	0.06800010401343023	41363(78.7%)	9	6	0.032751086899565234	1357	2
2018-10-16-3578	pfama1.037	6	0.023999986865921235	41363(78.7%)	9	7	0.022117691152923533	920	2
2018-10-16-3578	pfama1.012	36	0.1440000800755125	41363(78.7%)	9	8	0.01896509241396303	784	2
2018-10-16-3597	pfama1.015	28	1.0	42024(94.6%)	1	0	1.0	42024	2
2018-10-16-3602	pfama1.002	80	0.25000025859384944	45624(81.5%)	6	0	0.3994041597616639	18585	2
2018-10-16-3602	pfama1.019	17	0.053125106669962875	45624(81.5%)	6	1	0.37145514858205947	16944	2
2018-10-16-3602	pfama1.000	104	0.3281245636228792	45624(81.5%)	6	2	0.12296204918481966	5263	2
2018-10-16-3602	pfama1.006	45	0.14062499030273065	45624(81.5%)	6	3	0.04425701770280708	2031	2
2018-10-16-3602	pfama1.027	14	0.04374994181638389	45624(81.5%)	6	4	0.03258701303480521	1495	2
2018-10-16-3602	pfama1.004	57	0.18437513899419405	45624(81.5%)	6	5	0.029334611733844693	1306	2
2018-10-16-3614	pfama1.002	80	1.0	38544(96.1%)	1	0	1.0	37886	1
2018-10-16-3616	pfama1.002	80	1.0	73578(90.6%)	1	0	1.0	73578	2
2018-10-17-3629	pfama1.004	57	1.0	52110(92.7%)	1	0	1.0	52110	2
2018-10-22-3122	pfama1.020	17	1.0	66369(90.8%)	1	0	1.0	66369	2
2018-10-22-3202	pfama1.021	15	1.0	70310(90.4%)	1	0	1.0	70310	2
2018-10-22-3205	pfama1.021	15	0.5357136946432414	46345(89.2%)	2	0	0.682976	34057	2
2018-10-22-3205	pfama1.028	13	0.4642863053567587	46345(89.2%)	2	1	0.317024	12288	2
2018-10-22-3659	pfama1.013	34	0.6666662339870689	65964(92%)	2	0	0.9263870926387093	61038	2
2018-10-22-3659	pfama1.020	17	0.333333766012931	65964(92%)	2	1	0.07361290736129072	4926	2
2018-10-24-3713	pfama1.018	20	1.0	28787(94.8%)	1	0	1.0	27607	1
2018-10-24-3728	pfama1.005	56	1.0	39036(93.7%)	1	0	1.0	39036	2
2018-10-29-3744	pfama1.048	2	0.01724138423008144	32628(77.9%)	3	0	0.66935	21825	2
2018-10-29-3744	pfama1.013	34	0.2931032465666609	32628(77.9%)	3	1	0.22923200000000002	7476	2
2018-10-29-3744	pfama1.002	80	0.6896553692032577	32628(77.9%)	3	2	0.101418	3327	2
2018-10-29-3766	pfama1.003	62	0.38235331913536474	47372(79.3%)	2	0	0.6163770000000001	29128	2
2018-10-29-3766	pfama1.000	104	0.6176466808646353	47372(79.3%)	2	1	0.383623	18244	2
2018-10-29-3777	pfama1.009	41	0.5540541265888012	31440(86.2%)	2	0	0.8453309999999999	29566	2
2018-10-29-3777	pfama1.014	33	0.4459458734111989	31440(86.2%)	2	1	0.154669	1874	2
2018-10-30-3785	pfama1.000	104	1.0	42332(95.5%)	1	0	1.0	42332	2
2018-10-30-3786	pfama1.001	90	0.48648698939298624	51818(92.8%)	3	0	0.8884079111592088	46284	2
2018-10-30-3786	pfama1.012	36	0.19459443791987738	51818(92.8%)	3	1	0.06167419383258061	3044	2
2018-10-30-3786	pfama1.004	57	0.31891857268713636	51818(92.8%)	3	2	0.0499178950082105	2490	2
2018-10-30-3787	pfama1.003	62	1.0	22998(96.5%)	1	0	1.0	22998	2
2018-10-30-3801	pfama1.003	62	0.2181207744324589	36624(89%)	5	0	0.7167578371713985	26015	2
2018-10-30-3801	pfama1.010	37	0.1241609844446221	36624(89%)	5	1	0.18341265421117547	6670	2
2018-10-30-3801	pfama1.001	90	0.30201416604430154	36624(89%)	5	2	0.07308432236862877	2652	2
2018-10-30-3801	pfama1.000	104	0.3523483794007199	36624(89%)	5	3	0.015639086458327765	567	2
2018-10-30-3801	pfama1.140	1	0.0033556956778976444	36624(89%)	5	4	0.011106099790469408	402	2
2018-10-30-3839	pfama1.001	90	1.0	30516(93.3%)	1	0	1.0	30291	1
2018-10-31-3096	pfama1.026	14	0.2799995233599943	35046(91.4%)	2	0	0.8203670104599199	28333	1
2018-10-31-3096	pfama1.012	36	0.7200004766400058	35046(91.4%)	2	1	0.17963298954008014	6204	1
2018-10-31-3315	pfama1.010	37	1.0	38838(89.9%)	1	0	1.0	38838	2
2018-10-31-3364	pfama1.016	23	1.0	2979(70.1%)	1	0	1.0	2979	2
2018-10-31-3506	pfama1.007	42	1.0	48706(95.2%)	1	0	1.0	48706	2
2018-10-31-3510	pfama1.011	36	1.0	69145(94.8%)	1	0	1.0	69145	2
2018-10-31-3805	pfama1.001	90	1.0	5017(96.1%)	1	0	1.0	4881	1
ctrl-38x-7C1-10K	pfama1.014	33	0.13749994483330832	25492(97.5%)	7	0	0.6120122448048979	15769	2
ctrl-38x-7C1-10K	pfama1.005	56	0.2333333149444361	25492(97.5%)	7	1	0.08694453477781391	2167	2
ctrl-38x-7C1-10K	pfama1.024	15	0.06249999999999999	25492(97.5%)	7	2	0.08280803312321326	2060	2
ctrl-38x-7C1-10K	pfama1.008	42	0.17500005516669168	25492(97.5%)	7	3	0.07819823127929251	1962	2
ctrl-38x-7C1-10K	pfama1.017	22	0.0916666298888722	25492(97.5%)	7	4	0.0524936209974484	1317	2
ctrl-38x-7C1-10K	pfama1.003	62	0.27083342527781945	25492(97.5%)	7	5	0.0481230192492077	1229	2
ctrl-38x-7C1-10K	pfama1.034	7	0.029166629888872215	25492(97.5%)	7	6	0.03942031576812631	988	2
ctrl-38x-7C1-1K	pfama1.014	33	0.13749994483330832	8693(94.5%)	7	0	0.4463339553666045	4258	2
ctrl-38x-7C1-1K	pfama1.017	22	0.0916666298888722	8693(94.5%)	7	1	0.12946698705330129	809	2
ctrl-38x-7C1-1K	pfama1.024	15	0.06249999999999999	8693(94.5%)	7	2	0.1202629879737012	889	2
ctrl-38x-7C1-1K	pfama1.008	42	0.17500005516669168	8693(94.5%)	7	3	0.09648119035188096	800	2
ctrl-38x-7C1-1K	pfama1.005	56	0.2333333149444361	8693(94.5%)	7	4	0.08702809129719087	873	2
ctrl-38x-7C1-1K	pfama1.003	62	0.27083342527781945	8693(94.5%)	7	5	0.07601379239862076	651	2
ctrl-38x-7C1-1K	pfama1.034	7	0.029166629888872215	8693(94.5%)	7	6	0.044412995558700444	413	2
ctrl-38x-7C3-10k	pfama1.014	33	0.13749994483330835	21687(97.6%)	7	0	0.9035940180718803	19616	2
ctrl-38x-7C3-10k	pfama1.005	56	0.23333331494443615	21687(97.6%)	7	1	0.02268240045364801	490	2
ctrl-38x-7C3-10k	pfama1.008	42	0.1750000551666917	21687(97.6%)	7	2	0.021447500428950005	454	2
ctrl-38x-7C3-10k	pfama1.024	15	0.0625	21687(97.6%)	7	3	0.020537000410740008	443	2
ctrl-38x-7C3-10k	pfama1.003	62	0.2708334252778195	21687(97.6%)	7	4	0.011208100224162005	235	2
ctrl-38x-7C3-10k	pfama1.034	7	0.02916662988887222	21687(97.6%)	7	5	0.010849200216984003	239	2
ctrl-38x-7C3-10k	pfama1.017	22	0.09166662988887221	21687(97.6%)	7	6	0.009681780193635603	210	2
ctrl-38x-7C3-1k	pfama1.014	33	0.19642850809945608	2178(92.9%)	5	0	0.8972518205496358	1963	2
ctrl-38x-7C3-1k	pfama1.024	15	0.08928572132228264	2178(92.9%)	5	1	0.040515191896961615	82	2
ctrl-38x-7C3-1k	pfama1.005	56	0.3333333333333333	2178(92.9%)	5	2	0.03354629329074134	71	2
ctrl-38x-7C3-1k	pfama1.008	42	0.2500000985119572	2178(92.9%)	5	3	0.016217196756560647	37	2
ctrl-38x-7C3-1k	pfama1.017	22	0.1309523387329707	2178(92.9%)	5	4	0.012469497506100498	25	2
ctrl-38x-DS6-10k	pfama1.017	22	0.34374983837884404	26219(98.1%)	2	0	0.984268507865746	25807	2
ctrl-38x-DS6-10k	pfama1.008	42	0.6562501616211559	26219(98.1%)	2	1	0.01573149213425393	412	2
ctrl-38x-DS6-1k	pfama1.017	22	0.34374983837884404	18364(95.9%)	2	0	0.9874258025148394	18144	2
ctrl-38x-DS6-1k	pfama1.008	42	0.6562501616211559	18364(95.9%)	2	1	0.012574197485160503	220	2
ctrl-38x-QS5-10k	pfama1.024	15	0.10563380938306229	42531(88.6%)	5	0	0.49095380361847857	20769	2
ctrl-38x-QS5-10k	pfama1.005	56	0.3943661906169377	42531(88.6%)	5	1	0.2902868838852464	12458	2
ctrl-38x-QS5-10k	pfama1.017	22	0.15492952493550155	42531(88.6%)	5	2	0.1056169577532169	4482	2
ctrl-38x-QS5-10k	pfama1.008	42	0.2957747595120591	42531(88.6%)	5	3	0.05781827687268925	2461	2
ctrl-38x-QS5-10k	pfama1.034	7	0.049295715552439286	42531(88.6%)	5	4	0.05532407787036885	2361	2
ctrl-38x-QS5-1k	pfama1.024	15	0.10563380938306229	3288(97.6%)	5	0	0.41099291780141645	1519	2
ctrl-38x-QS5-1k	pfama1.005	56	0.3943661906169377	3288(97.6%)	5	1	0.31103693779261243	792	2
ctrl-38x-QS5-1k	pfama1.008	42	0.2957747595120591	3288(97.6%)	5	2	0.1276589744682051	384	2
ctrl-38x-QS5-1k	pfama1.017	22	0.15492952493550155	3288(97.6%)	5	3	0.08316988336602331	332	2
ctrl-38x-QS5-1k	pfama1.034	7	0.049295715552439286	3288(97.6%)	5	4	0.06714128657174268	261	2
ctrl-48x-7C1-10	pfama1.014	33	0.4399998234665866	52125(77.4%)	2	0	0.702671	36734	2
ctrl-48x-7C1-10	pfama1.008	42	0.5600001765334134	52125(77.4%)	2	1	0.297329	15391	2
ctrl-48x-7C3-10	pfama1.014	33	1.0	44023(92.4%)	1	0	1.0	44023	2
ctrl-48x-DS6-10	pfama1.017	22	1.0	28257(93.5%)	1	0	1.0	27454	1
ctrl-48x-QS5-10	pfama1.005	56	0.5600000794400536	69491(85.3%)	4	0	0.400685040068504	28417	2
ctrl-48x-QS5-10	pfama1.024	15	0.1500000331000223	69491(85.3%)	4	1	0.27661102766110274	19450	2
ctrl-48x-QS5-10	pfama1.017	22	0.21999996027997318	69491(85.3%)	4	2	0.2763120276312028	18554	2
ctrl-48x-QS5-10	pfama1.034	7	0.06999992717995092	69491(85.3%)	4	3	0.04639190463919047	3070	2
ctrl-56x-7C1-10	pfama1.014	33	1.0	55631(60.7%)	1	0	1.0	55631	2
ctrl-56x-7C3-100	pfama1.014	33	0.15639802843149866	34252(73.3%)	5	0	0.8357664447288283	27917	2
ctrl-56x-7C3-100	pfama1.008	42	0.19905217879654005	34252(73.3%)	5	1	0.07901875333813366	2582	2
ctrl-56x-7C3-100	pfama1.003	62	0.3080569508456975	34252(73.3%)	5	2	0.037304397825090686	1233	2
ctrl-56x-7C3-100	pfama1.005	56	0.2654028004806561	34252(73.3%)	5	3	0.03429847237142555	1147	2
ctrl-56x-7C3-100	pfama1.024	15	0.07109004144560774	34252(73.3%)	5	4	0.013611931736521903	461	2
ctrl-56x-DS6-10	pfama1.017	22	1.0	119027(86.6%)	1	0	1.0	119027	2
ctrl-56x-QS5-10	pfama1.024	15	0.10563380938306229	45188(64.6%)	5	0	0.4964887517556241	22950	2
ctrl-56x-QS5-10	pfama1.008	42	0.2957747595120591	45188(64.6%)	5	1	0.2144048927975536	9319	2
ctrl-56x-QS5-10	pfama1.005	56	0.3943661906169377	45188(64.6%)	5	2	0.14629292685353656	6722	2
ctrl-56x-QS5-10	pfama1.017	22	0.15492952493550155	45188(64.6%)	5	3	0.12184593907703047	5285	2
ctrl-56x-QS5-10	pfama1.034	7	0.049295715552439286	45188(64.6%)	5	4	0.02096748951625524	912	2
neg-neg-48x-NC	pfama1.005	56	0.6021505759047516	87(93.5%)	3	0	0.5301203430105984	44	1
neg-neg-48x-NC	pfama1.024	15	0.161290345542851	87(93.5%)	3	1	0.2650606956016784	22	1
neg-neg-48x-NC	pfama1.017	22	0.23655907855239727	87(93.5%)	3	2	0.20481896138772335	17	1
neg-neg-56x-NC	pfama1.072	1	1.0	103(94.5%)	1	0	1.0	98	1
