s_Sample	h_popUID	h_SampCnt	h_SampFrac	s_ReadCntTotUsed	s_COI	c_clusterID	c_AveragedFrac	c_ReadCnt	c_RepCnt
2017-10-04-3079	pfama1.013	39	1	20483(95.8%)	1	0	1	20483	2
2017-10-04-3093	pfama1.034	7	1	26293(97%)	1	0	1	26293	2
2017-10-04-3096	pfama1.019	22	0.12716779192082645	70307(98.5%)	5	0	0.5599378880124224	39319	2
2017-10-04-3096	pfama1.010	49	0.283236930455432	70307(98.5%)	5	1	0.3220169355966128	22660	2
2017-10-04-3096	pfama1.027	12	0.06936425013863261	70307(98.5%)	5	2	0.051859389628122074	3634	2
2017-10-04-3096	pfama1.009	50	0.28901728463365134	70307(98.5%)	5	3	0.050129089974182	3539	2
2017-10-04-3096	pfama1.012	40	0.23121374285145757	70307(98.5%)	5	4	0.01605669678866064	1155	2
2017-10-04-3315	pfama1.024	18	0.1698115559273257	38510(85.5%)	3	0	0.6389220000000001	24872	2
2017-10-04-3315	pfama1.010	49	0.4622640986828166	38510(85.5%)	3	1	0.245222	9381	2
2017-10-04-3315	pfama1.014	39	0.3679243453898578	38510(85.5%)	3	2	0.11585600000000001	4257	2
2017-10-04-3364	pfama1.017	23	1	9272(99.2%)	1	0	1	9272	2
2017-10-04-3510	pfama1.027	12	1	61881(72.5%)	1	0	1	61881	3
2017-10-09-3001	pfama1.004	63	1	93965(91.5%)	1	0	1	93965	2
2017-10-09-3162	pfama1.046	2	1	10809(87.8%)	1	0	1	10682	1
2017-10-09-3163	pfama1.002	95	0.365384718535367	104218(95.7%)	3	0	0.5948431784529535	62015	2
2017-10-09-3163	pfama1.000	124	0.48076936649390406	104218(95.7%)	3	1	0.34848810454643137	36257	2
2017-10-09-3163	pfama1.012	40	0.153845914970729	104218(95.7%)	3	2	0.0566687170006151	5946	2
2017-10-09-3164	pfama1.000	124	0.7267444961800039	52464(97.4%)	2	0	0.893342	46931	2
2017-10-09-3164	pfama1.011	47	0.2732555038199961	52464(97.4%)	2	1	0.10665799999999999	5533	2
2017-10-10-3284	pfama1.013	39	0.44318172339875384	40654(80.3%)	2	0	0.732973	29814	2
2017-10-10-3284	pfama1.010	49	0.5568182766012462	40654(80.3%)	2	1	0.267027	10840	2
2017-10-10-3285	pfama1.010	49	0.2139734854614861	70370(97.4%)	5	0	0.6418808074357578	45156	2
2017-10-10-3285	pfama1.001	107	0.4672495643203992	70370(97.4%)	5	1	0.2594529221641234	18267	2
2017-10-10-3285	pfama1.041	4	0.01746721741581185	70370(97.4%)	5	2	0.043465886960233915	3061	2
2017-10-10-3285	pfama1.008	50	0.21834029782852687	70370(97.4%)	5	3	0.027624591712622486	1946	2
2017-10-10-3285	pfama1.023	19	0.08296943497377587	70370(97.4%)	5	4	0.02757579172726248	1940	2
2017-10-10-3523	pfama1.006	54	1	56889(94.9%)	1	0	1	56889	2
2017-10-11-3236	pfama1.011	47	1	71150(89.5%)	1	0	1	71150	2
2017-10-11-3530	pfama1.020	22	1	44017(93.6%)	1	0	1	44017	2
2017-10-16-3540	pfama1.010	49	1	60067(98.4%)	1	0	1	60067	2
2017-10-16-3541	pfama1.008	50	1	42605(92.8%)	1	0	1	42605	2
2017-10-16-3542	pfama1.001	107	0.3364784490558651	48073(97.6%)	5	0	0.7870103935051967	37965	2
2017-10-16-3542	pfama1.010	49	0.15408781949722467	48073(97.6%)	5	1	0.1444480722240361	6801	2
2017-10-16-3542	pfama1.030	10	0.031446540880503145	48073(97.6%)	5	2	0.05066792533396267	2395	2
2017-10-16-3546	pfama1.007	50	1	45775(96.7%)	1	0	1	45775	2
2017-10-16-3547	pfama1.005	56	1	28910(80.4%)	1	0	1	28716	2
2017-10-16-3549	pfama1.007	50	1	46573(91.9%)	1	0	1	46573	2
2017-10-16-3557	pfama1.021	21	1	47785(95.5%)	1	0	1	47785	2
2017-10-17-3575	pfama1.000	124	0.992063492063492	14135(85.5%)	2	0	0.8350198277040886	11221	1
2017-10-17-3575	pfama1.077	1	0.007936507936507936	14135(85.5%)	2	1	0.1649801722959114	2217	1
2017-10-17-3577	pfama1.000	124	1	43708(94.3%)	1	0	1	43708	2
2017-10-17-3578	pfama1.009	50	0.1533742876905538	36832(77.2%)	9	0	0.33108196689180336	11865	2
2017-10-17-3578	pfama1.039	5	0.015337428769055384	36832(77.2%)	9	1	0.2181529781847022	8023	2
2017-10-17-3578	pfama1.011	47	0.14417181691991512	36832(77.2%)	9	2	0.17310398268960173	6756	2
2017-10-17-3578	pfama1.003	69	0.21779135793160018	36832(77.2%)	9	3	0.06397109360289063	2143	2
2017-10-17-3578	pfama1.029	11	0.03374239282567525	36832(77.2%)	9	4	0.06350279364972063	2419	2
2017-10-17-3578	pfama1.018	23	0.07055205075480546	36832(77.2%)	9	5	0.061362793863720615	2197	2
2017-10-17-3578	pfama1.005	56	0.17177922923183123	36832(77.2%)	9	6	0.05374609462539053	1970	2
2017-10-17-3578	pfama1.013	39	0.11963189486487857	36832(77.2%)	9	7	0.024826497517350245	1051	2
2017-10-17-3578	pfama1.016	24	0.07361954101168505	36832(77.2%)	9	8	0.0102517989748201	408	2
2017-10-17-3579	pfama1.032	9	1	78871(89.9%)	1	0	1	78871	2
2017-10-17-3580	pfama1.010	49	0.4666666200635015	54317(94.3%)	2	0	0.9866119013388098	53566	2
2017-10-17-3580	pfama1.005	56	0.5333333799364984	54317(94.3%)	2	1	0.013388098661190133	751	2
2017-10-17-3602	pfama1.020	22	0.07508538066134597	57558(97.4%)	5	0	0.8216815751771027	46661	2
2017-10-17-3602	pfama1.003	69	0.2423205002017872	57558(97.4%)	5	1	0.10772107540475279	6874	2
2017-10-17-3602	pfama1.023	19	0.06484646511661696	57558(97.4%)	5	2	0.03051892136324496	1839	2
2017-10-17-3602	pfama1.000	124	0.4266214810303748	57558(97.4%)	5	3	0.026808418765893138	1520	2
2017-10-17-3602	pfama1.005	56	0.19112617298987505	57558(97.4%)	5	4	0.013270009289006502	664	2
2017-10-17-3604	pfama1.015	27	0.1741933223059719	41535(67.5%)	4	0	0.338068	23452	2
2017-10-17-3604	pfama1.005	56	0.3612903622975996	41535(67.5%)	4	1	0.320734	9344	2
2017-10-17-3604	pfama1.020	22	0.14193568551088998	41535(67.5%)	4	2	0.23505700000000002	6840	2
2017-10-17-3604	pfama1.007	50	0.3225806298855387	41535(67.5%)	4	3	0.10614100000000001	1899	2
2017-10-17-3612	pfama1.009	50	0.1466274454176811	145443(95.7%)	4	0	0.9431174338340196	137113	2
2017-10-17-3612	pfama1.002	95	0.27859255526681087	145443(95.7%)	4	1	0.026344812118613576	3879	2
2017-10-17-3612	pfama1.000	124	0.36656915166685644	145443(95.7%)	4	2	0.024017711048147088	3508	2
2017-10-17-3614	pfama1.002	95	0.9500000697298936	39541(86.4%)	2	0	0.9590914795457398	37947	2
2017-10-17-3614	pfama1.039	5	0.04999993027010646	39541(86.4%)	2	1	0.040908520454260223	1594	2
2017-10-17-3615	pfama1.003	69	1	52080(96%)	1	0	1	52080	2
2017-10-17-3616	pfama1.002	95	1	45888(95.6%)	1	0	1	45888	2
2017-10-17-3617	pfama1.005	56	1	59196(95.4%)	1	0	1	59196	2
2017-10-18-3627	pfama1.010	49	1	10805(82.9%)	1	0	1	10509	1
2017-10-18-3630	pfama1.014	39	1	54641(96.3%)	1	0	1	54641	2
2017-10-18-3642	pfama1.002	95	1	69731(92.4%)	1	0	1	69731	3
2017-10-23-3122	pfama1.001	107	1	26818(84%)	1	0	1	26818	2
2017-10-23-3154	pfama1.000	124	1	124089(98.4%)	1	0	1	124089	2
2017-10-23-3190	pfama1.001	107	1	43980(93%)	1	0	1	43980	2
2017-10-23-3202	pfama1.022	19	0.34545454545454546	35421(81.4%)	3	0	0.570208	20316	2
2017-10-23-3202	pfama1.026	14	0.2545454545454545	35421(81.4%)	3	1	0.311006	10976	2
2017-10-23-3202	pfama1.019	22	0.4	35421(81.4%)	3	2	0.11878599999999999	4129	2
2017-10-23-3205	pfama1.026	14	0.42424242424242425	54205(92.2%)	2	0	0.766983	41484	2
2017-10-23-3205	pfama1.022	19	0.5757575757575758	54205(92.2%)	2	1	0.233017	12721	2
2017-10-23-3659	pfama1.030	10	0.2040819383589859	63146(75.6%)	2	0	0.533611	34050	2
2017-10-23-3659	pfama1.013	39	0.7959180616410142	63146(75.6%)	2	1	0.46638900000000005	29096	2
2017-10-23-3665	pfama1.002	95	1	71500(94.2%)	1	0	1	71500	2
2017-10-24-3673	pfama1.007	50	0.4132232858821438	34690(75.1%)	2	0	0.68706	23400	2
2017-10-24-3673	pfama1.003	69	0.5867767141178561	34690(75.1%)	2	1	0.31294	11290	2
2017-10-24-3677	pfama1.002	95	0.678571784336352	36269(85%)	3	0	0.621668	22548	2
2017-10-24-3677	pfama1.024	18	0.12857149597951933	36269(85%)	3	1	0.254802	9241	2
2017-10-24-3677	pfama1.015	27	0.19285671968412868	36269(85%)	3	2	0.12353	4480	2
2017-10-24-3684	pfama1.015	27	1	24697(88.6%)	1	0	1	24697	3
2017-10-24-3685	pfama1.018	23	0.6969690229564203	2780(97%)	2	0	0.891835	2475	2
2017-10-24-3685	pfama1.031	10	0.3030309770435796	2780(97%)	2	1	0.10816500000000001	305	2
2017-10-25-3713	pfama1.016	24	1	25302(94.7%)	1	0	1	25302	4
2017-10-25-3714	pfama1.006	54	0.5192307963757345	30242(97.7%)	2	0	0.9899259010074098	29914	2
2017-10-25-3714	pfama1.008	50	0.4807692036242654	30242(97.7%)	2	1	0.0100740989925901	328	2
2017-10-25-3720	pfama1.010	49	0.27374260670456674	112453(97.9%)	3	0	0.45947704594770467	51594	2
2017-10-25-3720	pfama1.017	23	0.128491210056522	112453(97.9%)	3	1	0.45756404575640464	51494	2
2017-10-25-3720	pfama1.001	107	0.5977661832389113	112453(97.9%)	3	2	0.08295890829589082	9365	2
2017-10-25-3728	pfama1.006	54	1	50593(90%)	1	0	1	50593	4
2017-10-30-3746	pfama1.009	50	0.344827254554465	70011(89.6%)	2	0	0.826239	57831	2
2017-10-30-3746	pfama1.002	95	0.6551727454455349	70011(89.6%)	2	1	0.173761	12180	2
2017-10-30-3747	pfama1.001	107	1	51659(90.8%)	1	0	1	51659	2
2017-10-30-3761	pfama1.005	56	1	193284(98.7%)	1	0	1	193284	2
2017-10-30-3762	pfama1.014	39	1	15023(82.1%)	1	0	1	14149	1
2017-10-30-3766	pfama1.004	63	1	39242(94.7%)	1	0	1	39242	2
2017-10-30-3773	pfama1.004	63	0.6285716083264943	146489(81.6%)	2	0	0.723398	106283	2
2017-10-30-3773	pfama1.014	39	0.37142839167350566	146489(81.6%)	2	1	0.276602	40206	2
2017-10-30-3777	pfama1.005	56	1	39225(85.1%)	1	0	1	39225	2
2017-10-31-3786	pfama1.004	63	0.24812009327858323	29500(98.4%)	4	0	0.7010080639787557	20179	2
2017-10-31-3786	pfama1.001	107	0.40225630197492646	29500(98.4%)	4	1	0.17374941284942763	4986	2
2017-10-31-3786	pfama1.014	39	0.146616305871192	29500(98.4%)	4	2	0.08057151304320014	2317	2
2017-10-31-3786	pfama1.006	54	0.20300729887529828	29500(98.4%)	4	3	0.044671010128616476	1295	2
2017-10-31-3787	pfama1.004	63	1	75868(89.5%)	1	0	1	75868	2
2017-10-31-3805	pfama1.001	107	1	37889(96.7%)	1	0	1	37889	2
2017-10-31-3816	pfama1.000	124	1	13094(98%)	1	0	1	13094	2
2017-10-31-3818	pfama1.007	50	1	44994(98.6%)	1	0	1	44994	2
2017-11-01-3079	pfama1.013	39	1	59369(96.3%)	1	0	1	59369	2
2017-11-01-3093	pfama1.034	7	1	61249(86.4%)	1	0	1	61249	3
2017-11-01-3096	pfama1.010	49	0.23557690271819912	9062(98.8%)	5	0	0.5080559491944051	4604	1
2017-11-01-3096	pfama1.019	22	0.1057693800665399	9062(98.8%)	5	1	0.4139259586074041	3751	1
2017-11-01-3096	pfama1.012	40	0.1923076108727964	9062(98.8%)	5	2	0.030898296910170306	280	1
2017-11-01-3096	pfama1.009	50	0.2403846018121327	9062(98.8%)	5	3	0.029132597086740288	264	1
2017-11-01-3096	pfama1.011	47	0.22596150453033179	9062(98.8%)	5	4	0.01798719820128018	163	1
2017-11-01-3364	pfama1.017	23	1	73279(93.6%)	1	0	1	73279	2
2017-11-01-3505	pfama1.035	7	1	5699(87.5%)	1	0	1	5699	4
2017-11-01-3510	pfama1.027	12	1	33941(88.7%)	1	0	1	33941	2
2017-11-01-3773	pfama1.014	39	0.37142839167350566	128756(80.3%)	2	0	0.504754	65007	2
2017-11-01-3773	pfama1.004	63	0.6285716083264943	128756(80.3%)	2	1	0.495246	63749	2
2017-11-06-3001	pfama1.004	63	1	18705(85.6%)	1	0	1	18705	2
2017-11-06-3162	pfama1.046	2	1	14902(86.2%)	1	0	1	14902	2
2017-11-06-3163	pfama1.002	95	1	77302(98.3%)	1	0	1	77302	2
2017-11-06-3164	pfama1.011	47	1	83223(99.4%)	1	0	1	78886	2
2017-11-07-3284	pfama1.010	49	0.7205879336939287	35370(97%)	2	0	0.9324148135170374	32300	2
2017-11-07-3284	pfama1.023	19	0.27941206630607135	35370(97%)	2	1	0.0675851864829627	3070	2
2017-11-07-3523	pfama1.006	54	1	30376(97.3%)	1	0	1	30376	2
2017-11-07-3527	pfama1.002	95	1	655(83.9%)	1	0	1	655	4
2017-11-08-3336	pfama1.003	69	1	18739(96%)	1	0	1	18739	4
2017-11-13-3541	pfama1.008	50	1	66936(93.8%)	1	0	1	66936	2
2017-11-13-3547	pfama1.005	56	1	31592(95.1%)	1	0	1	31592	2
2017-11-13-3557	pfama1.021	21	1	119342(99.5%)	1	0	1	119342	2
2017-11-13-3602	pfama1.000	124	0.3056236364259586	5052(96.2%)	7	0	0.3483066865239821	1744	2
2017-11-13-3602	pfama1.020	22	0.05378976001096871	5052(96.2%)	7	1	0.3160187155831559	1589	2
2017-11-13-3602	pfama1.021	21	0.05134477091956105	5052(96.2%)	7	2	0.13010488290560537	651	2
2017-11-13-3602	pfama1.005	56	0.13691920965691726	5052(96.2%)	7	3	0.12991788307390523	680	2
2017-11-13-3602	pfama1.023	19	0.0464547927367457	5052(96.2%)	7	4	0.03322247009977691	173	2
2017-11-13-3602	pfama1.002	95	0.2322739636837285	5052(96.2%)	7	5	0.022246279978348018	112	2
2017-11-13-3602	pfama1.003	69	0.17359386656612014	5052(96.2%)	7	6	0.020183081835226345	103	2
2017-11-13-3604	pfama1.011	47	0.23039179705939922	4366(52.9%)	3	0	0.512869	1864	2
2017-11-13-3604	pfama1.007	50	0.24509767941234037	4366(52.9%)	3	1	0.34066700000000005	1806	2
2017-11-13-3604	pfama1.001	107	0.5245105235282603	4366(52.9%)	3	2	0.14646400000000004	696	2
2017-11-14-3578	pfama1.021	21	0.07046990280166289	4082(95%)	8	0	0.33328680002792	1353	2
2017-11-14-3578	pfama1.013	39	0.1308724303229649	4082(95%)	8	1	0.20724787565127464	859	2
2017-11-14-3578	pfama1.009	50	0.16778523655240735	4082(95%)	8	2	0.19411788352926992	791	2
2017-11-14-3578	pfama1.029	11	0.036912806229442464	4082(95%)	8	3	0.11131193321284008	447	2
2017-11-14-3578	pfama1.016	24	0.08053678546463428	4082(95%)	8	4	0.07352905588256647	299	2
2017-11-14-3578	pfama1.011	47	0.15771810758074123	4082(95%)	8	5	0.049643670213797876	205	2
2017-11-14-3578	pfama1.008	50	0.16778523655240735	4082(95%)	8	6	0.019564288261427046	80	2
2017-11-14-3578	pfama1.005	56	0.1879194944957396	4082(95%)	8	7	0.011298493220904067	48	2
2017-11-14-3579	pfama1.032	9	1	9452(97.4%)	1	0	1	9452	2
2017-11-14-3580	pfama1.005	56	1	68292(90.9%)	1	0	1	68292	2
2017-11-14-3612	pfama1.009	50	0.28571398612280263	34998(68.3%)	2	0	0.540388	18923	2
2017-11-14-3612	pfama1.000	124	0.7142860138771973	34998(68.3%)	2	1	0.45961199999999997	16075	2
2017-11-14-3614	pfama1.002	95	1	1273(93.5%)	1	0	1	1273	2
2017-11-14-3615	pfama1.003	69	1	1620(94.9%)	1	0	1	1620	2
2017-11-14-3616	pfama1.002	95	1	20754(99.2%)	1	0	1	20754	2
2017-11-14-3617	pfama1.005	56	1	4647(97.1%)	1	0	1	4647	2
2017-11-15-3627	pfama1.010	49	1	49803(93%)	1	0	1	49803	2
2017-11-15-3630	pfama1.014	39	1	15779(99.1%)	1	0	1	15779	2
2017-11-15-3642	pfama1.002	95	1	19991(95.1%)	1	0	1	19991	2
2017-11-17-3779	pfama1.009	50	1	201883(99%)	1	0	1	201883	2
2017-11-20-3154	pfama1.000	124	1	98697(98.1%)	1	0	1	98697	2
2017-11-20-3190	pfama1.001	107	1	43527(97.5%)	1	0	1	43527	2
2017-11-20-3202	pfama1.026	14	0.42424242424242425	510(92.1%)	2	0	0.771226	394	2
2017-11-20-3202	pfama1.022	19	0.5757575757575758	510(92.1%)	2	1	0.22877399999999998	116	2
2017-11-20-3205	pfama1.026	14	0.10071942446043165	15694(66.6%)	2	0	0.767491	12010	2
2017-11-20-3205	pfama1.000	124	0.8992805755395684	15694(66.6%)	2	1	0.23250900000000002	3684	2
2017-11-20-3649	pfama1.000	124	1	32216(69.2%)	1	0	1	32216	2
2017-11-20-3659	pfama1.030	10	1	8375(98.7%)	1	0	1	8375	2
2017-11-20-3665	pfama1.002	95	1	122127(98.4%)	1	0	1	122127	2
2017-11-21-3672	pfama1.025	17	0.20481945823764075	39241(96.6%)	2	0	0.9577988084402383	37585	2
2017-11-21-3672	pfama1.004	63	0.7951805417623593	39241(96.6%)	2	1	0.04220119155976169	1656	2
2017-11-21-3673	pfama1.003	69	1	48316(94.2%)	1	0	1	48316	2
2017-11-21-3685	pfama1.031	10	0.3030309770435796	26160(88.8%)	2	0	0.771232	21001	2
2017-11-21-3685	pfama1.018	23	0.6969690229564203	26160(88.8%)	2	1	0.228768	5159	2
2017-11-22-3713	pfama1.016	24	1	59642(95.7%)	1	0	1	59642	2
2017-11-22-3714	pfama1.008	50	0.4807692036242654	10427(97.2%)	2	0	0.835455	8951	2
2017-11-22-3714	pfama1.006	54	0.5192307963757345	10427(97.2%)	2	1	0.164545	1476	2
2017-11-22-3720	pfama1.001	107	0.8230775875843603	41774(91.7%)	2	0	0.663469	28692	2
2017-11-22-3720	pfama1.017	23	0.17692241241563958	41774(91.7%)	2	1	0.33653099999999997	13082	2
2017-11-22-3728	pfama1.006	54	1	48454(92.9%)	1	0	1	48454	2
2017-11-27-3746	pfama1.002	95	0.6551727454455349	28564(95.2%)	2	0	0.711424	20395	2
2017-11-27-3746	pfama1.009	50	0.344827254554465	28564(95.2%)	2	1	0.288576	8169	2
2017-11-27-3747	pfama1.001	107	1	8599(97.7%)	1	0	1	8599	2
2017-11-27-3758	pfama1.020	22	1	77345(86.7%)	1	0	1	77345	3
2017-11-27-3761	pfama1.005	56	1	7540(98.5%)	1	0	1	7540	2
2017-11-27-3762	pfama1.014	39	1	9478(87.9%)	1	0	1	9007	1
2017-11-27-3766	pfama1.000	124	0.6544505132805802	46858(87.6%)	2	0	0.542697	24846	2
2017-11-27-3766	pfama1.004	63	0.34554948671941976	46858(87.6%)	2	1	0.45730299999999996	22012	2
2017-11-27-3773	pfama1.012	40	1	42710(91.7%)	1	0	1	42710	2
2017-11-27-3777	pfama1.005	56	0.5656567049525499	36148(79%)	3	0	0.47280800000000006	16778	2
2017-11-27-3777	pfama1.041	4	0.040404029170493294	36148(79%)	3	1	0.38583100000000004	13415	2
2017-11-27-3777	pfama1.013	39	0.3939392658769569	36148(79%)	3	2	0.14136100000000001	5955	2
2017-11-27-3779	pfama1.009	50	1	79790(81%)	1	0	1	79790	3
2017-11-28-3786	pfama1.003	69	0.5867767141178561	20810(87.9%)	2	0	0.5557800971934608	11291	2
2017-11-28-3786	pfama1.009	50	0.4132232858821438	20810(87.9%)	2	1	0.4442199028065392	8754	2
2017-11-28-3787	pfama1.004	63	1	99070(94.4%)	1	0	1	99070	2
2017-11-28-3805	pfama1.001	107	1	1411(97.6%)	1	0	1	1411	2
2017-11-28-3816	pfama1.000	124	1	2357(95.2%)	1	0	1	2357	2
2017-11-28-3818	pfama1.007	50	1	50775(96.9%)	1	0	1	50775	2
2017-11-29-3079	pfama1.013	39	1	46513(92.1%)	1	0	1	46513	2
2017-11-29-3093	pfama1.034	7	1	43306(95.2%)	1	0	1	43306	2
2017-11-29-3096	pfama1.010	49	0.283236930455432	52345(90.6%)	5	0	0.44939691012061794	23435	2
2017-11-29-3096	pfama1.027	12	0.06936425013863261	52345(90.6%)	5	1	0.4211539157692168	22131	2
2017-11-29-3096	pfama1.019	22	0.12716779192082645	52345(90.6%)	5	2	0.09038878192224362	4695	2
2017-11-29-3096	pfama1.012	40	0.23121374285145754	52345(90.6%)	5	3	0.02275599544880091	1218	2
2017-11-29-3096	pfama1.009	50	0.28901728463365134	52345(90.6%)	5	4	0.016304396739120645	866	2
2017-11-29-3315	pfama1.024	18	0.31034522033280554	2397(92.7%)	2	0	0.763257	1840	2
2017-11-29-3315	pfama1.012	40	0.6896547796671944	2397(92.7%)	2	1	0.23674299999999998	557	2
2017-11-29-3364	pfama1.017	23	1	50950(96.3%)	1	0	1	50950	2
2017-11-29-3510	pfama1.027	12	1	50624(86%)	1	0	1	50624	2
2017-12-04-3055	pfama1.004	63	1	67652(91.5%)	1	0	1	67652	2
2017-12-04-3164	pfama1.011	47	0.2732555038199961	52920(95.7%)	2	0	0.501532	26403	2
2017-12-04-3164	pfama1.000	124	0.7267444961800039	52920(95.7%)	2	1	0.498468	26517	2
2017-12-05-3284	pfama1.023	19	1	49081(85.9%)	1	0	1	49081	2
2017-12-05-3285	pfama1.002	95	0.45893753980927143	597(89.6%)	5	0	0.6709033354516678	402	2
2017-12-05-3285	pfama1.010	49	0.23671479752308192	597(89.6%)	5	1	0.14355707177853588	83	2
2017-12-05-3285	pfama1.008	50	0.2415457189947584	597(89.6%)	5	2	0.14301507150753576	87	2
2017-12-05-3285	pfama1.041	4	0.0193236504277993	597(89.6%)	5	3	0.021621110810555403	13	2
2017-12-05-3285	pfama1.033	9	0.043478293245088874	597(89.6%)	5	4	0.02090341045170523	12	2
2017-12-05-3527	pfama1.002	95	1	49030(94.3%)	1	0	1	49030	2
2017-12-11-3540	pfama1.007	50	1	47964(77.3%)	1	0	1	47964	2
2017-12-11-3542	pfama1.010	49	0.16838458501961748	26307(96.7%)	4	0	0.8745782623734788	22784	2
2017-12-11-3542	pfama1.030	10	0.03436425250057699	26307(96.7%)	4	1	0.09730802919240876	2707	2
2017-12-11-3542	pfama1.001	107	0.36769800622259324	26307(96.7%)	4	2	0.01564880469464141	456	2
2017-12-11-3542	pfama1.000	124	0.4295531562572123	26307(96.7%)	4	3	0.012464903739471121	360	2
2017-12-11-3546	pfama1.007	50	0.5	37383(74.8%)	2	0	0.8317950000000001	32406	2
2017-12-11-3546	pfama1.009	50	0.5	37383(74.8%)	2	1	0.168205	4977	2
2017-12-11-3557	pfama1.021	21	1	32952(95.6%)	1	0	1	32952	2
2017-12-12-3577	pfama1.000	124	1	7297(94.7%)	1	0	1	7297	2
2017-12-12-3578	pfama1.016	24	0.06217603476343443	8526(94.9%)	8	0	0.47594623797311897	4059	2
2017-12-12-3578	pfama1.009	50	0.12953361175874842	8526(94.9%)	8	1	0.13668406834203417	1138	2
2017-12-12-3578	pfama1.021	21	0.05440419680390747	8526(94.9%)	8	2	0.10885705442852721	935	2
2017-12-12-3578	pfama1.000	124	0.32383450478516346	8526(94.9%)	8	3	0.09458104729052363	809	2
2017-12-12-3578	pfama1.013	39	0.10103617533765404	8526(94.9%)	8	4	0.06951573475786736	581	2
2017-12-12-3578	pfama1.029	11	0.028497436421094386	8526(94.9%)	8	5	0.04532912266456133	424	2
2017-12-12-3578	pfama1.004	63	0.17098442837124933	8526(94.9%)	8	6	0.03790591895295947	318	2
2017-12-12-3578	pfama1.008	50	0.12953361175874842	8526(94.9%)	8	7	0.031180815590407793	262	2
2017-12-12-3580	pfama1.005	56	1	24393(96.8%)	1	0	1	24393	2
2017-12-12-3604	pfama1.036	7	0.009222647763435534	67479(94.6%)	15	0	0.1653938676849059	11159	2
2017-12-12-3604	pfama1.000	124	0.16469048401169697	67479(94.6%)	15	1	0.12736589810728155	8569	2
2017-12-12-3604	pfama1.020	22	0.028985525186058667	67479(94.6%)	15	2	0.11023891180887058	7466	2
2017-12-12-3604	pfama1.010	49	0.06455857302648774	67479(94.6%)	15	3	0.10461391630886699	7075	2
2017-12-12-3604	pfama1.006	54	0.07114619238695562	67479(94.6%)	15	4	0.08867362906109676	5993	2
2017-12-12-3604	pfama1.011	47	0.06192352528230057	67479(94.6%)	15	5	0.08506343194925446	5735	2
2017-12-12-3604	pfama1.009	50	0.0658760968985813	67479(94.6%)	15	6	0.08188413449269243	5528	2
2017-12-12-3604	pfama1.004	63	0.08695647885207851	67479(94.6%)	15	7	0.057347854121716724	3859	2
2017-12-12-3604	pfama1.001	107	0.14097524772620756	67479(94.6%)	15	8	0.05125735899411282	3447	2
2017-12-12-3604	pfama1.002	95	0.1251647678488897	67479(94.6%)	15	9	0.03641017087186331	2447	2
2017-12-12-3604	pfama1.012	40	0.052700858177645554	67479(94.6%)	15	10	0.034905072075942345	2379	2
2017-12-12-3604	pfama1.043	3	0.003952561945670979	67479(94.6%)	15	11	0.016699886640090696	1122	2
2017-12-12-3604	pfama1.040	5	0.006587609689858131	67479(94.6%)	15	12	0.015488887608889917	1043	2
2017-12-12-3604	pfama1.014	39	0.05138333430555197	67479(94.6%)	15	13	0.014553488357209318	980	2
2017-12-12-3604	pfama1.007	50	0.0658760968985813	67479(94.6%)	15	14	0.010103491917206468	677	2
2017-12-12-3617	pfama1.005	56	1	18574(97.5%)	1	0	1	18574	1
2017-12-13-3630	pfama1.014	39	1	9866(97.2%)	1	0	1	9866	2
2017-12-13-3637	pfama1.006	54	1	17624(94.3%)	1	0	1	17295	1
2017-12-13-3642	pfama1.002	95	1	28754(87.7%)	1	0	1	28754	3
2017-12-18-3148	pfama1.001	107	1	20613(96.5%)	1	0	1	20613	2
2017-12-18-3154	pfama1.000	124	1	82897(99.2%)	1	0	1	82897	2
2017-12-18-3190	pfama1.001	107	1	732(92.9%)	1	0	1	732	2
2017-12-18-3205	pfama1.026	14	0.08860759493670885	13436(96.4%)	3	0	0.7486069251393075	10100	2
2017-12-18-3205	pfama1.022	19	0.12025316455696201	13436(96.4%)	3	1	0.24000097599990242	3185	2
2017-12-18-3205	pfama1.000	124	0.7911392405063291	13436(96.4%)	3	2	0.011392098860790114	151	2
2017-12-18-3649	pfama1.002	95	1	18546(93.7%)	1	0	1	17863	1
2017-12-19-3672	pfama1.013	39	0.6964281735332785	13600(97.5%)	2	0	0.9558311911662383	12990	2
2017-12-19-3672	pfama1.025	17	0.30357182646672165	13600(97.5%)	2	1	0.044168808833761765	610	2
2017-12-19-3673	pfama1.007	50	0.4132232858821438	4285(95.3%)	2	0	0.6758890000000001	2847	2
2017-12-19-3673	pfama1.003	69	0.5867767141178561	4285(95.3%)	2	1	0.32411100000000004	1438	2
2017-12-19-3677	pfama1.024	18	0.0947369153018785	2754(95.9%)	4	0	0.6137622455048982	1690	2
2017-12-19-3677	pfama1.002	95	0.5000003863154698	2754(95.9%)	4	1	0.262328104931242	723	2
2017-12-19-3677	pfama1.007	50	0.2631577117453038	2754(95.9%)	4	2	0.09615193846077537	265	2
2017-12-19-3677	pfama1.015	27	0.1421049866373479	2754(95.9%)	4	3	0.02775771110308444	76	2
2017-12-20-3713	pfama1.016	24	1	33898(89.7%)	1	0	1	33898	2
2017-12-20-3714	pfama1.006	54	0.5192307963757345	46680(92.7%)	2	0	0.842995	39364	2
2017-12-20-3714	pfama1.008	50	0.4807692036242654	46680(92.7%)	2	1	0.157005	7316	2
2017-12-20-3720	pfama1.001	107	1	40291(92.8%)	1	0	1	40291	2
2017-12-20-3728	pfama1.006	54	1	43431(93.8%)	1	0	1	43431	2
2017-12-27-3758	pfama1.020	22	0.9565217391304348	6985(93.6%)	2	0	0.8708051513752192	6046	1
2017-12-27-3758	pfama1.078	1	0.04347826086956522	6985(93.6%)	2	1	0.1291948486247808	897	1
2017-12-27-3777	pfama1.013	39	0.30952378594481755	27284(86.6%)	4	0	0.5860412344164937	14610	2
2017-12-27-3777	pfama1.005	56	0.4444446645150365	27284(86.6%)	4	1	0.2120170848068339	6716	2
2017-12-27-3777	pfama1.015	27	0.2142855187187806	27284(86.6%)	4	2	0.11633304653321859	3319	2
2017-12-27-3777	pfama1.041	4	0.031746030821365394	27284(86.6%)	4	3	0.08560863424345369	2639	2
2017-12-28-3786	pfama1.003	69	0.26199222014993084	24451(96.9%)	4	0	0.8038722411616723	19635	2
2017-12-28-3786	pfama1.014	39	0.14391124622234164	24451(96.9%)	4	1	0.12155903646771092	2974	2
2017-12-28-3786	pfama1.006	54	0.19926182971109685	24451(96.9%)	4	2	0.04455671336701401	1107	2
2017-12-28-3786	pfama1.001	107	0.39483470391663067	24451(96.9%)	4	3	0.0300120090036027	735	2
2017-12-28-3787	pfama1.004	63	1	49979(94%)	1	0	1	49979	2
2017-12-28-3816	pfama1.000	124	1	12884(96.3%)	1	0	1	12884	2
2017-12-28-3818	pfama1.007	50	1	29334(95.5%)	1	0	1	29334	2
2017-12-29-3093	pfama1.034	7	1	35008(89.2%)	1	0	1	35008	3
2017-12-29-3095	pfama1.005	56	1	576(95.8%)	1	0	1	576	2
2017-12-29-3096	pfama1.009	50	0.41322303521621445	3985(97.8%)	3	0	0.5204518959096208	2074	1
2017-12-29-3096	pfama1.019	22	0.18181840240412206	3985(97.8%)	3	1	0.450438909912218	1795	1
2017-12-29-3096	pfama1.010	49	0.40495856237966354	3985(97.8%)	3	2	0.02910919417816116	116	1
2018-01-03-3164	pfama1.000	124	0.7267444961800039	37595(98.3%)	2	0	0.845172	31858	2
2018-01-03-3164	pfama1.011	47	0.2732555038199961	37595(98.3%)	2	1	0.15482800000000002	5737	2
2018-01-04-3285	pfama1.008	50	0.22522504352748163	84012(95.9%)	5	0	0.6382444574922111	53155	2
2018-01-04-3285	pfama1.002	95	0.4279282108998236	84012(95.9%)	5	1	0.1973568322466926	16806	2
2018-01-04-3285	pfama1.023	19	0.08558564217996471	84012(95.9%)	5	2	0.12019289783603686	10178	2
2018-01-04-3285	pfama1.033	9	0.04054056734840434	84012(95.9%)	5	3	0.03672736878173654	3216	2
2018-01-04-3523	pfama1.006	54	1	45819(92.9%)	1	0	1	45819	2
2018-01-04-3527	pfama1.002	95	1	76422(90%)	1	0	1	76422	2
2018-01-08-3542	pfama1.025	17	0.11564643173675865	38119(87.1%)	4	0	0.8608742582622775	32753	2
2018-01-08-3542	pfama1.010	49	0.33333333333333337	38119(87.1%)	4	1	0.07209062162718649	2792	2
2018-01-08-3542	pfama1.006	54	0.36734698972649765	38119(87.1%)	4	2	0.056526016957805084	2173	2
2018-01-08-3542	pfama1.015	27	0.18367324520341033	38119(87.1%)	4	3	0.010509103152730946	401	2
2018-01-08-3546	pfama1.007	50	0.5	68962(71.8%)	2	0	0.703288	48472	2
2018-01-08-3546	pfama1.009	50	0.5	68962(71.8%)	2	1	0.296712	20490	2
2018-01-09-3578	pfama1.021	21	0.1009616809726063	58672(80.1%)	5	0	0.35897717948858976	20645	2
2018-01-09-3578	pfama1.013	39	0.1874999117788628	58672(80.1%)	5	1	0.24789112394556195	15316	2
2018-01-09-3578	pfama1.029	11	0.05288469003326996	58672(80.1%)	5	2	0.175979087989544	10486	2
2018-01-09-3578	pfama1.004	63	0.31730778731507087	58672(80.1%)	5	3	0.13712306856153428	7723	2
2018-01-09-3578	pfama1.003	69	0.34134592990019014	58672(80.1%)	5	4	0.08002954001477	4502	2
2018-01-09-3579	pfama1.032	9	1	41083(91.8%)	1	0	1	41083	2
2018-01-09-3602	pfama1.020	22	0.05641028826032206	28872(79.6%)	6	0	0.41702995829700423	11964	2
2018-01-09-3602	pfama1.000	124	0.3205130014791026	28872(79.6%)	6	1	0.26186397381360266	7822	2
2018-01-09-3602	pfama1.003	69	0.1820510084302636	28872(79.6%)	6	2	0.11782998821700119	3092	2
2018-01-09-3602	pfama1.021	21	0.05384618424848924	28872(79.6%)	6	3	0.11495198850480116	3265	2
2018-01-09-3602	pfama1.002	95	0.24358988112411795	28872(79.6%)	6	4	0.0492261950773805	1367	2
2018-01-09-3602	pfama1.005	56	0.14358963645770462	28872(79.6%)	6	5	0.0390978960902104	1362	2
2018-01-09-3604	pfama1.020	22	0.06606615489613474	91036(91.8%)	8	0	0.5248042046736399	47790	2
2018-01-09-3604	pfama1.011	47	0.14114111049410552	91036(91.8%)	8	1	0.217070084657333	19967	2
2018-01-09-3604	pfama1.007	50	0.15015013161630572	91036(91.8%)	8	2	0.12158404741777848	10870	2
2018-01-09-3604	pfama1.006	54	0.16216215977923934	91036(91.8%)	8	3	0.08318313244142164	7529	2
2018-01-09-3604	pfama1.004	63	0.19819824426804006	91036(91.8%)	8	4	0.017207106710771615	1551	2
2018-01-09-3604	pfama1.014	39	0.11711705416823835	91036(91.8%)	8	5	0.015933606214106426	1475	2
2018-01-09-3604	pfama1.040	5	0.015015013161630572	91036(91.8%)	8	6	0.012607904917082918	1177	2
2018-01-09-3614	pfama1.002	95	1	48366(92.8%)	1	0	1	48366	2
2018-01-09-3615	pfama1.003	69	1	22444(92.4%)	1	0	1	21869	1
2018-01-09-3616	pfama1.002	95	1	57641(94.4%)	1	0	1	57641	2
2018-01-10-3630	pfama1.014	39	1	57200(97.5%)	1	0	1	57200	2
2018-01-10-3635	pfama1.005	56	1	38478(91.5%)	1	0	1	38208	2
2018-01-15-3122	pfama1.001	107	1	29587(62.7%)	1	0	1	29587	2
2018-01-15-3148	pfama1.001	107	1	10268(85%)	1	0	1	9900	1
2018-01-15-3154	pfama1.000	124	1	46518(93.7%)	1	0	1	46518	2
2018-01-15-3190	pfama1.001	107	1	44759(96%)	1	0	1	44759	2
2018-01-15-3658	pfama1.001	107	1	42733(91.8%)	1	0	1	42733	2
2018-01-15-3659	pfama1.013	39	1	43470(91.1%)	1	0	1	43470	2
2018-01-15-3665	pfama1.002	95	1	43425(91.3%)	1	0	1	43425	2
2018-01-16-3672	pfama1.013	39	1	36472(77.9%)	1	0	1	36472	2
2018-01-16-3677	pfama1.024	18	0.06060606060606061	19125(62.1%)	5	0	0.40919216367686545	7114	2
2018-01-16-3677	pfama1.007	50	0.16834992121251663	19125(62.1%)	5	1	0.37203014881205954	7771	2
2018-01-16-3677	pfama1.001	107	0.3602698545446637	19125(62.1%)	5	2	0.13586905434762175	2923	2
2018-01-16-3677	pfama1.002	95	0.31986531986531985	19125(62.1%)	5	3	0.04527051810820724	622	2
2018-01-16-3677	pfama1.015	27	0.0909088437714392	19125(62.1%)	5	4	0.03763811505524601	695	2
2018-01-16-3685	pfama1.018	23	0.6969690229564203	63247(97.8%)	2	0	0.869878	55029	2
2018-01-16-3685	pfama1.031	10	0.3030309770435796	63247(97.8%)	2	1	0.13012200000000002	8218	2
2018-01-17-3205	pfama1.022	19	0.12025316455696201	38238(83.9%)	3	0	0.8616070861607087	32571	2
2018-01-17-3205	pfama1.026	14	0.08860759493670885	38238(83.9%)	3	1	0.10429701042970105	4363	2
2018-01-17-3205	pfama1.000	124	0.7911392405063291	38238(83.9%)	3	2	0.034095903409590345	1304	2
2018-01-17-3713	pfama1.016	24	1	50911(93.2%)	1	0	1	50911	2
2018-01-17-3714	pfama1.006	54	0.5192307963757345	48044(89.4%)	2	0	0.685798	33067	2
2018-01-17-3714	pfama1.008	50	0.4807692036242654	48044(89.4%)	2	1	0.31420200000000004	14977	2
2018-01-17-3728	pfama1.006	54	1	52288(83.4%)	1	0	1	52288	2
2018-01-22-3746	pfama1.009	50	0.344827254554465	33964(76.4%)	2	0	0.577932	20166	2
2018-01-22-3746	pfama1.002	95	0.6551727454455349	33964(76.4%)	2	1	0.42206800000000005	13798	2
2018-01-22-3747	pfama1.001	107	1	55685(87.6%)	1	0	1	55366	2
2018-01-22-3761	pfama1.005	56	1	79006(95.1%)	1	0	1	79006	2
2018-01-22-3762	pfama1.014	39	1	76432(86.6%)	1	0	1	76432	2
2018-01-22-3766	pfama1.004	63	0.34554948671941976	32932(79.3%)	2	0	0.609875	20043	2
2018-01-22-3766	pfama1.000	124	0.6544505132805802	32932(79.3%)	2	1	0.390125	12889	2
2018-01-22-3777	pfama1.015	27	0.32530089583388605	61582(86.9%)	2	0	0.9197259080274092	56323	2
2018-01-22-3777	pfama1.005	56	0.674699104166114	61582(86.9%)	2	1	0.08027409197259082	5259	2
2018-01-23-3805	pfama1.001	107	1	425204(75.2%)	1	0	1	425204	3
2018-01-23-3815	pfama1.000	124	1	44439(93.5%)	1	0	1	44439	2
2018-01-23-3816	pfama1.000	124	1	34516(93%)	1	0	1	34516	2
2018-01-23-3818	pfama1.007	50	1	38912(88.9%)	1	0	1	38912	2
2018-01-24-3079	pfama1.013	39	1	42475(91%)	1	0	1	42475	2
2018-01-24-3095	pfama1.005	56	1	44966(94.7%)	1	0	1	44966	2
2018-01-24-3096	pfama1.011	47	0.2974683044464131	46721(82.2%)	4	0	0.8159578531275864	38002	2
2018-01-24-3096	pfama1.010	49	0.3101265499359144	46721(82.2%)	4	1	0.1389059749969245	6662	2
2018-01-24-3096	pfama1.019	22	0.1392407003845137	46721(82.2%)	4	2	0.035763293562607164	1609	2
2018-01-24-3315	pfama1.014	39	0.26712318781198136	40528(85.2%)	4	0	0.8691649630827717	34142	2
2018-01-24-3315	pfama1.024	18	0.1232878571776898	40528(85.2%)	4	1	0.08805815357971215	3334	2
2018-01-24-3315	pfama1.012	40	0.27397251321074195	40528(85.2%)	4	2	0.02418607941158456	1104	2
2018-01-24-3315	pfama1.010	49	0.33561644179958683	40528(85.2%)	4	3	0.018590803925931685	738	2
2018-01-24-3364	pfama1.017	23	1	46180(93.3%)	1	0	1	46180	2
2018-01-24-3505	pfama1.035	7	1	59607(93.6%)	1	0	1	59607	2
2018-01-24-3510	pfama1.027	12	1	58422(91.9%)	1	0	1	58422	2
2018-01-24-3786	pfama1.006	54	0.18120789664897355	47001(89.3%)	4	0	0.8989003236041165	42212	2
2018-01-24-3786	pfama1.003	69	0.23825465830859988	47001(89.3%)	4	1	0.07790762804674611	3684	2
2018-01-24-3786	pfama1.004	63	0.22147637286173474	47001(89.3%)	4	2	0.014010005043601816	667	2
2018-01-24-3787	pfama1.004	63	1	41606(92.3%)	1	0	1	41606	2
2018-01-26-3154	pfama1.000	124	1	169441(98.6%)	1	0	1	169441	2
2018-01-29-3164	pfama1.011	47	0.2732555038199961	44093(94.8%)	2	0	0.678184	29917	2
2018-01-29-3164	pfama1.000	124	0.7267444961800039	44093(94.8%)	2	1	0.321816	14176	2
2018-01-29-3521	pfama1.000	124	1	66724(90.6%)	1	0	1	66724	2
2018-01-30-3285	pfama1.001	107	0.5815223049787838	51895(95%)	4	0	0.36645700000000003	20112	2
2018-01-30-3285	pfama1.023	19	0.10326082837319198	51895(95%)	4	1	0.272246	14033	2
2018-01-30-3285	pfama1.010	49	0.26630384268177537	51895(95%)	4	2	0.210912	9726	2
2018-01-30-3285	pfama1.033	9	0.04891302396624883	51895(95%)	4	3	0.150385	8024	2
2018-01-30-3523	pfama1.006	54	1	48479(90.3%)	1	0	1	48479	2
2018-01-30-3525	pfama1.015	27	1	98873(91.1%)	1	0	1	98873	2
2018-01-30-3677	pfama1.001	107	0.3962967322653019	42153(79%)	4	0	0.5357000535700054	22576	2
2018-01-30-3677	pfama1.024	18	0.06666664854324379	42153(79%)	4	1	0.29948402994840306	12619	2
2018-01-30-3677	pfama1.002	95	0.35185175620045334	42153(79%)	4	2	0.1100530110053011	4622	2
2018-01-30-3677	pfama1.007	50	0.1851848629910009	42153(79%)	4	3	0.054762905476290556	2336	2
2018-02-05-3540	pfama1.010	49	1	42971(50.1%)	1	0	1	42971	2
2018-02-05-3541	pfama1.008	50	1	86835(88.3%)	1	0	1	86835	2
2018-02-05-3542	pfama1.001	107	0.4713662854615203	54004(98.3%)	4	0	0.9137157258852823	49355	2
2018-02-05-3542	pfama1.025	17	0.07488986784140969	54004(98.3%)	4	1	0.04940528517841446	2660	2
2018-02-05-3542	pfama1.006	54	0.23788513920756585	54004(98.3%)	4	2	0.02243179327046202	1206	2
2018-02-05-3542	pfama1.010	49	0.21585870748950417	54004(98.3%)	4	3	0.014447195665841302	783	2
2018-02-06-3546	pfama1.007	50	1	128402(84.9%)	1	0	1	107050	1
2018-02-06-3577	pfama1.000	124	0.992063492063492	37085(91.3%)	2	0	0.8094618589155755	29789	1
2018-02-06-3577	pfama1.076	1	0.007936507936507936	37085(91.3%)	2	1	0.19053814108442452	7012	1
2018-02-06-3578	pfama1.021	21	0.03977277150479936	39772(70.9%)	10	0	0.2122079575584085	8445	2
2018-02-06-3578	pfama1.009	50	0.09469693599634334	39772(70.9%)	10	1	0.15065896986820604	6018	2
2018-02-06-3578	pfama1.011	47	0.08901511149565772	39772(70.9%)	10	2	0.12841197431760515	5113	2
2018-02-06-3578	pfama1.016	24	0.045454456990401286	39772(70.9%)	10	3	0.11041097791780442	4411	2
2018-02-06-3578	pfama1.000	124	0.23674268752856759	39772(70.9%)	10	4	0.1098559780288044	4314	2
2018-02-06-3578	pfama1.008	50	0.09469693599634334	39772(70.9%)	10	5	0.0947863810427238	3794	2
2018-02-06-3578	pfama1.005	56	0.10606058499771458	39772(70.9%)	10	6	0.06570258685948263	2624	2
2018-02-06-3578	pfama1.013	39	0.07386357949382939	39772(70.9%)	10	7	0.04857799028440195	1904	2
2018-02-06-3578	pfama1.004	63	0.12499999999999999	39772(70.9%)	10	8	0.04142799171440166	1638	2
2018-02-06-3578	pfama1.007	50	0.09469693599634334	39772(70.9%)	10	9	0.03795919240816152	1511	2
2018-02-06-3579	pfama1.032	9	1	87822(87.4%)	1	0	1	87822	2
2018-02-06-3602	pfama1.009	50	0.10893237163967445	37026(73.9%)	8	0	0.27970502797050284	10339	2
2018-02-06-3602	pfama1.002	95	0.20697180994951234	37026(73.9%)	8	1	0.2571760257176026	9595	2
2018-02-06-3602	pfama1.021	21	0.045751663251997476	37026(73.9%)	8	2	0.16147501614750162	5974	2
2018-02-06-3602	pfama1.000	124	0.2723313288809373	37026(73.9%)	8	3	0.14352601435260143	5295	2
2018-02-06-3602	pfama1.003	69	0.1546838749789715	37026(73.9%)	8	4	0.08668870866887086	3146	2
2018-02-06-3602	pfama1.005	56	0.12200427542595944	37026(73.9%)	8	5	0.03595290359529037	1346	2
2018-02-06-3602	pfama1.023	19	0.04139436198990247	37026(73.9%)	8	6	0.02258600225860023	857	2
2018-02-06-3602	pfama1.020	22	0.047930313883044966	37026(73.9%)	8	7	0.012890301289030128	474	2
2018-02-06-3614	pfama1.002	95	0.9500000697298936	248669(65.5%)	2	0	0.7500623129324568	178557	2
2018-02-06-3614	pfama1.039	5	0.04999993027010646	248669(65.5%)	2	1	0.24993768706754307	63640	2
2018-02-06-3616	pfama1.002	95	1	42856(91.2%)	1	0	1	42856	2
2018-02-06-3617	pfama1.004	63	0.0869564788520785	93295(93%)	15	0	0.17978207191282877	16700	2
2018-02-06-3617	pfama1.014	39	0.05138333430555196	93295(93%)	15	1	0.13475405390162154	12540	2
2018-02-06-3617	pfama1.012	40	0.05270085817764554	93295(93%)	15	2	0.13208805283522115	12284	2
2018-02-06-3617	pfama1.002	95	0.12516476784888966	93295(93%)	15	3	0.1295590518236207	12095	2
2018-02-06-3617	pfama1.000	124	0.16469048401169695	93295(93%)	15	4	0.10333804133521655	9647	2
2018-02-06-3617	pfama1.020	22	0.02898552518605866	93295(93%)	15	5	0.057462022984809194	5397	2
2018-02-06-3617	pfama1.043	3	0.003952561945670978	93295(93%)	15	6	0.04946991978796792	4585	2
2018-02-06-3617	pfama1.001	107	0.14097524772620754	93295(93%)	15	7	0.044958417983367194	4213	2
2018-02-06-3617	pfama1.010	49	0.06455857302648772	93295(93%)	15	8	0.042409616963846784	3931	2
2018-02-06-3617	pfama1.011	47	0.06192352528230056	93295(93%)	15	9	0.0281378112551245	2702	2
2018-02-06-3617	pfama1.009	50	0.06587609689858129	93295(93%)	15	10	0.023528409411363766	2196	2
2018-02-06-3617	pfama1.007	50	0.06587609689858129	93295(93%)	15	11	0.023467309386923756	2217	2
2018-02-06-3617	pfama1.036	7	0.009222647763435532	93295(93%)	15	12	0.019970307988123194	1848	2
2018-02-06-3617	pfama1.040	5	0.006587609689858129	93295(93%)	15	13	0.01657260662904265	1559	2
2018-02-06-3617	pfama1.006	54	0.0711461923869556	93295(93%)	15	14	0.01450230580092232	1381	2
2018-02-07-3630	pfama1.014	39	1	39476(89%)	1	0	1	39476	2
2018-02-07-3635	pfama1.005	56	1	119442(98.6%)	1	0	1	119442	2
2018-02-07-3642	pfama1.002	95	1	48648(88.6%)	1	0	1	48648	2
2018-02-12-3122	pfama1.001	107	1	68191(88.7%)	1	0	1	68191	2
2018-02-12-3154	pfama1.000	124	1	48072(85.9%)	1	0	1	48072	2
2018-02-12-3190	pfama1.001	107	1	69611(95.9%)	1	0	1	69611	2
2018-02-12-3202	pfama1.022	19	1	41708(92.7%)	1	0	1	41708	2
2018-02-12-3205	pfama1.022	19	0.12025316455696201	38176(84%)	3	0	0.8361820836182083	32094	2
2018-02-12-3205	pfama1.026	14	0.08860759493670885	38176(84%)	3	1	0.1274710127471013	4716	2
2018-02-12-3205	pfama1.000	124	0.7911392405063291	38176(84%)	3	2	0.03634690363469037	1366	2
2018-02-12-3659	pfama1.030	10	0.3030309770435796	52470(97.4%)	2	0	0.9806510980651099	51494	2
2018-02-12-3659	pfama1.018	23	0.6969690229564203	52470(97.4%)	2	1	0.01934890193489019	976	2
2018-02-12-3665	pfama1.002	95	1	62375(94.5%)	1	0	1	62375	2
2018-02-13-3672	pfama1.004	63	0.7951805417623593	66983(77.2%)	2	0	0.8496370000000001	55339	2
2018-02-13-3672	pfama1.025	17	0.20481945823764075	66983(77.2%)	2	1	0.15036300000000002	11644	2
2018-02-13-3677	pfama1.024	18	1	30543(78.6%)	1	0	1	30543	2
2018-02-13-3685	pfama1.018	23	0.6969690229564203	42593(82.3%)	2	0	0.772779	32883	2
2018-02-13-3685	pfama1.031	10	0.3030309770435796	42593(82.3%)	2	1	0.227221	9710	2
2018-02-14-3713	pfama1.016	24	1	76587(87.1%)	1	0	1	76587	2
2018-02-14-3714	pfama1.008	50	1	37533(76.3%)	1	0	1	37533	2
2018-02-14-3728	pfama1.006	54	1	60146(76.3%)	1	0	1	60146	3
2018-02-19-3746	pfama1.002	95	1	46241(92%)	1	0	1	46241	2
2018-02-19-3747	pfama1.001	107	1	38761(91.9%)	1	0	1	38761	2
2018-02-19-3761	pfama1.005	56	1	47213(96.6%)	1	0	1	47213	2
2018-02-19-3766	pfama1.004	63	1	52714(94.4%)	1	0	1	52714	2
2018-02-19-3777	pfama1.015	27	1	32384(64.5%)	1	0	1	32384	2
2018-02-20-3786	pfama1.003	69	0.43292670919093496	33144(74.9%)	3	0	0.4303345696654303	14218	2
2018-02-20-3786	pfama1.006	54	0.3292684345925315	33144(74.9%)	3	1	0.412992587007413	13699	2
2018-02-20-3786	pfama1.014	39	0.23780485621653363	33144(74.9%)	3	2	0.15667284332715667	5227	2
2018-02-20-3787	pfama1.004	63	1	42552(93.4%)	1	0	1	42552	2
2018-02-20-3805	pfama1.001	107	1	36143(89.8%)	1	0	1	36143	2
2018-02-21-3079	pfama1.013	39	1	80533(87.9%)	1	0	1	80533	2
2018-02-21-3093	pfama1.034	7	1	69091(88.9%)	1	0	1	68607	2
2018-02-21-3095	pfama1.005	56	1	42520(95.4%)	1	0	1	42520	2
2018-02-21-3096	pfama1.010	49	0.2634408814313789	25599(59.5%)	4	0	0.626896125379225	16021	2
2018-02-21-3096	pfama1.012	40	0.21505370827841488	25599(59.5%)	4	1	0.25005505001101	6478	2
2018-02-21-3096	pfama1.009	50	0.2688172340039304	25599(59.5%)	4	2	0.0953239190647838	2407	2
2018-02-21-3096	pfama1.011	47	0.25268817628627577	25599(59.5%)	4	3	0.02772490554498111	693	2
2018-02-21-3315	pfama1.024	18	0.1232878571776898	48956(85%)	4	0	0.8291369999999999	40592	2
2018-02-21-3315	pfama1.012	40	0.27397251321074195	48956(85%)	4	1	0.07403189999999998	3626	2
2018-02-21-3315	pfama1.014	39	0.26712318781198136	48956(85%)	4	2	0.07298539999999998	3571	2
2018-02-21-3315	pfama1.010	49	0.33561644179958683	48956(85%)	4	3	0.023845699999999994	1167	2
2018-02-21-3364	pfama1.017	23	1	58073(94.3%)	1	0	1	58073	2
2018-02-21-3510	pfama1.027	12	1	90766(86.1%)	1	0	1	90766	2
2018-02-21-3816	pfama1.000	124	1	45428(96.7%)	1	0	1	45428	2
2018-02-21-3818	pfama1.007	50	1	71831(96.2%)	1	0	1	71831	2
2018-02-26-3164	pfama1.000	124	0.7267444961800039	55820(95.2%)	2	0	0.56125	31676	2
2018-02-26-3164	pfama1.011	47	0.2732555038199961	55820(95.2%)	2	1	0.43875	24144	2
2018-02-27-3285	pfama1.008	50	0.46296291262003947	72497(93.6%)	3	0	0.4523770904754181	32826	2
2018-02-27-3285	pfama1.033	9	0.08333344660491099	72497(93.6%)	3	1	0.44983108996621796	32564	2
2018-02-27-3285	pfama1.010	49	0.45370364077504943	72497(93.6%)	3	2	0.0977918195583639	7107	2
2018-02-27-3523	pfama1.006	54	1	75515(88%)	1	0	1	75515	2
2018-02-27-3525	pfama1.015	27	1	81009(84.4%)	1	0	1	81009	2
2018-03-05-3541	pfama1.008	50	1	40037(89.9%)	1	0	1	39255	1
2018-03-05-3542	pfama1.036	7	0.04268289844735752	69517(97.3%)	6	0	0.7593171442702574	52772	2
2018-03-05-3542	pfama1.025	17	0.10365868504459136	69517(97.3%)	6	1	0.18094003437860656	12579	2
2018-03-05-3542	pfama1.015	27	0.1646339345687446	69517(97.3%)	6	2	0.028630105439720034	1986	2
2018-03-05-3542	pfama1.006	54	0.3292683166983898	69517(97.3%)	6	3	0.014313402719546515	1001	2
2018-03-05-3542	pfama1.010	49	0.2987804681558629	69517(97.3%)	6	4	0.010938102078239394	770	2
2018-03-06-3577	pfama1.000	124	1	48158(93.8%)	1	0	1	48158	2
2018-03-06-3578	pfama1.009	50	0.15974443666670185	40295(74.1%)	8	0	0.33936420361852215	13769	2
2018-03-06-3578	pfama1.029	11	0.035143827657730865	40295(74.1%)	8	1	0.3150581890349134	12344	2
2018-03-06-3578	pfama1.013	39	0.12460060900897098	40295(74.1%)	8	2	0.15551709331025598	6453	2
2018-03-06-3578	pfama1.016	24	0.07667720765751981	40295(74.1%)	8	3	0.05798643479186087	2254	2
2018-03-06-3578	pfama1.011	47	0.1501597563964116	40295(74.1%)	8	4	0.043041525824915494	1784	2
2018-03-06-3578	pfama1.008	50	0.15974443666670185	40295(74.1%)	8	5	0.04143872486323491	1722	2
2018-03-06-3578	pfama1.021	21	0.06709276189203166	40295(74.1%)	8	6	0.029138017482810488	1219	2
2018-03-06-3578	pfama1.003	69	0.22683696405393142	40295(74.1%)	8	7	0.01845581107348664	750	2
2018-03-07-3642	pfama1.002	95	1	507(88.6%)	1	0	1	507	2
2018-03-12-3190	pfama1.001	107	1	68960(85.7%)	1	0	1	68960	2
2018-03-12-3202	pfama1.019	22	1	564(85.8%)	1	0	1	564	4
2018-03-12-3659	pfama1.013	39	1	42164(81.1%)	1	0	1	42164	2
2018-03-14-3714	pfama1.006	54	1	54600(84.7%)	1	0	1	54600	2
2018-03-19-3746	pfama1.002	95	1	61610(73.6%)	1	0	1	61610	3
2018-03-19-3747	pfama1.001	107	1	73551(88.1%)	1	0	1	73551	2
2018-03-19-3761	pfama1.005	56	1	39955(91.6%)	1	0	1	39955	2
2018-03-19-3766	pfama1.004	63	1	40981(89.6%)	1	0	1	40981	2
2018-03-19-3777	pfama1.015	27	0.32142825935369546	36646(68.8%)	3	0	0.8142570814257082	30210	2
2018-03-19-3777	pfama1.005	56	0.666666957936551	36646(68.8%)	3	1	0.13750501375050136	4558	2
2018-03-19-3777	pfama1.088	1	0.01190478270975364	36646(68.8%)	3	2	0.048237904823790485	1878	2
2018-03-20-3786	pfama1.006	54	0.3354031178979378	118479(95.9%)	2	0	0.621466	74017	2
2018-03-20-3786	pfama1.001	107	0.6645968821020622	118479(95.9%)	2	1	0.37853400000000004	44462	2
2018-03-20-3805	pfama1.001	107	1	25216(90.8%)	1	0	1	25216	2
2018-03-20-3816	pfama1.000	124	1	44581(93.1%)	1	0	1	44581	2
2018-03-20-3818	pfama1.007	50	1	45005(92.1%)	1	0	1	45005	2
2018-03-21-3095	pfama1.005	56	1	41028(90%)	1	0	1	41028	2
2018-03-21-3096	pfama1.010	49	0.2916666120535873	44037(92.6%)	4	0	0.566632169989651	24952	2
2018-03-21-3096	pfama1.019	22	0.13095255259348776	44037(92.6%)	4	1	0.40979012293703687	18046	2
2018-03-21-3096	pfama1.011	47	0.27976183454508835	44037(92.6%)	4	2	0.013432304029691207	592	2
2018-03-21-3096	pfama1.009	50	0.29761900080783665	44037(92.6%)	4	3	0.010145403043620913	447	2
2018-03-21-3315	pfama1.014	39	0.44318172339875384	31330(98.4%)	2	0	0.9586789041321095	30020	2
2018-03-21-3315	pfama1.010	49	0.5568182766012462	31330(98.4%)	2	1	0.04132109586789041	1310	2
2018-03-21-3364	pfama1.017	23	1	55629(96.9%)	1	0	1	55629	2
2018-03-21-3505	pfama1.035	7	1	64882(90.7%)	1	0	1	64882	2
2018-03-21-3510	pfama1.027	12	1	44976(92%)	1	0	1	44976	2
2018-03-26-3164	pfama1.011	47	0.2732555038199961	58402(94.2%)	2	0	0.661211	38602	2
2018-03-26-3164	pfama1.000	124	0.7267444961800039	58402(94.2%)	2	1	0.338789	19800	2
2018-03-27-3285	pfama1.010	49	0.20940139572699767	36471(76.5%)	5	0	0.453925	16567	2
2018-03-27-3285	pfama1.008	50	0.2136749000005019	36471(76.5%)	5	1	0.271968	9910	2
2018-03-27-3285	pfama1.001	107	0.4572655846143809	36471(76.5%)	5	2	0.123886	4519	2
2018-03-27-3285	pfama1.023	19	0.0811965811965812	36471(76.5%)	5	3	0.09696460000000001	3530	2
2018-03-27-3285	pfama1.033	9	0.038461538461538464	36471(76.5%)	5	4	0.053256399999999995	1945	2
2018-03-27-3523	pfama1.006	54	1	69157(87.2%)	1	0	1	69157	2
2018-04-02-3542	pfama1.006	54	0.666666968724344	29860(94.1%)	2	0	0.9908901684513286	29586	2
2018-04-03-3602	pfama1.003	69	0.1815854079747123	43099(87.9%)	8	0	0.7496042972642014	31291	2
2018-04-03-3602	pfama1.021	21	0.05370847115295646	43099(87.9%)	8	1	0.11346106653031493	4819	2
2018-04-03-3602	pfama1.023	19	0.04859337866219869	43099(87.9%)	8	2	0.04080347882406742	1691	2
2018-04-03-3602	pfama1.000	124	0.31969328067235986	43099(87.9%)	8	3	0.02689624244990316	1148	2
2018-04-03-3602	pfama1.110	1	0.002557546245378879	43099(87.9%)	8	4	0.02173430193626107	905	2
2018-04-03-3602	pfama1.002	95	0.24296689331099344	43099(87.9%)	8	5	0.018441288350595973	740	2
2018-04-03-3602	pfama1.005	56	0.14322240201762315	43099(87.9%)	8	6	0.014834330496325685	614	2
2018-04-03-3602	pfama1.045	3	0.007672619963777231	43099(87.9%)	8	7	0.014224994148330316	611	2
2018-04-03-3604	pfama1.020	22	0.031976762266831625	55178(83.2%)	13	0	0.2653421008299983	14639	2
2018-04-03-3604	pfama1.006	54	0.07848830978719604	55178(83.2%)	13	1	0.18047506858052603	10027	2
2018-04-03-3604	pfama1.000	124	0.1816861492433615	55178(83.2%)	13	2	0.16338106208480357	8957	2
2018-04-03-3604	pfama1.001	107	0.1555235571241897	55178(83.2%)	13	3	0.11360404316953639	6229	2
2018-04-03-3604	pfama1.013	39	0.056685971877992646	55178(83.2%)	13	4	0.09198413495397127	5130	2
2018-04-03-3604	pfama1.031	10	0.014534891939468919	55178(83.2%)	13	5	0.06634082520951358	3684	2
2018-04-03-3604	pfama1.009	50	0.07267435301140845	55178(83.2%)	13	6	0.03505981332272906	1925	2
2018-04-03-3604	pfama1.004	63	0.09593018011455871	55178(83.2%)	13	7	0.022240208451279213	1222	2
2018-04-03-3604	pfama1.014	39	0.056685971877992646	55178(83.2%)	13	8	0.015020605707830169	813	2
2018-04-03-3604	pfama1.044	3	0.004360456913247062	55178(83.2%)	13	9	0.014531605522010098	794	2
2018-04-03-3604	pfama1.003	69	0.10319751939835704	55178(83.2%)	13	10	0.014335905447644069	795	2
2018-04-03-3604	pfama1.036	7	0.010174403020441015	55178(83.2%)	13	11	0.010271203903057484	553	2
2018-04-03-3614	pfama1.002	95	1	41216(88.4%)	1	0	1	41216	2
2018-04-03-3616	pfama1.002	95	1	51133(90.4%)	1	0	1	51133	2
2018-04-04-3546	pfama1.007	50	1	77029(84%)	1	0	1	77029	2
2018-04-04-3578	pfama1.029	11	0.028571455807032478	22873(60.4%)	8	0	0.2581618192867265	5932	2
2018-04-04-3578	pfama1.007	50	0.1298700630191021	22873(60.4%)	8	1	0.1731958787628849	3981	2
2018-04-04-3578	pfama1.018	23	0.05974012603820419	22873(60.4%)	8	2	0.16115888718877897	3653	2
2018-04-04-3578	pfama1.004	63	0.1714285441929675	22873(60.4%)	8	3	0.11866891693175816	2698	2
2018-04-04-3578	pfama1.000	124	0.3246756341708236	22873(60.4%)	8	4	0.11776291756595772	2688	2
2018-04-04-3578	pfama1.009	50	0.1298700630191021	22873(60.4%)	8	5	0.10561092607235174	2415	2
2018-04-04-3578	pfama1.013	39	0.10129860721206961	22873(60.4%)	8	6	0.05094166434083496	1171	2
2018-04-04-3578	pfama1.021	21	0.054545506540698376	22873(60.4%)	8	7	0.014498989850707106	335	2
2018-04-04-3579	pfama1.032	9	1	77914(84.1%)	1	0	1	77914	2
2018-04-09-3122	pfama1.001	107	0.6011244202233995	67295(88.8%)	2	0	0.9656746137301544	64920	2
2018-04-09-3122	pfama1.003	69	0.3988755797766005	67295(88.8%)	2	1	0.03432538626984549	2375	2
2018-04-09-3148	pfama1.001	107	1	97524(88%)	1	0	1	97524	2
2018-04-09-3190	pfama1.001	107	1	65379(91.2%)	1	0	1	65379	2
2018-04-09-3202	pfama1.019	22	0.5365853658536586	36673(83.9%)	2	0	0.911016273304882	33375	2
2018-04-09-3202	pfama1.022	19	0.46341463414634143	36673(83.9%)	2	1	0.08898372669511802	3298	2
2018-04-09-3205	pfama1.026	14	0.10071942446043165	66509(75.8%)	2	0	0.9091990909199091	59982	2
2018-04-09-3205	pfama1.000	124	0.8992805755395684	66509(75.8%)	2	1	0.0908009090800909	6527	2
2018-04-09-3659	pfama1.013	39	0.629032563579839	70881(87%)	2	0	0.732865	50990	2
2018-04-09-3659	pfama1.018	23	0.37096743642016083	70881(87%)	2	1	0.267135	19891	2
2018-04-10-3673	pfama1.003	69	1	89527(86.4%)	1	0	1	88662	2
2018-04-10-3685	pfama1.031	10	1	68776(66%)	1	0	1	67731	2
2018-04-11-3665	pfama1.002	95	1	54236(91.5%)	1	0	1	53810	2
2018-04-11-3713	pfama1.016	24	1	89064(87.1%)	1	0	1	89064	2
2018-04-11-3714	pfama1.008	50	1	38737(87.4%)	1	0	1	37792	1
2018-04-11-3728	pfama1.006	54	1	48352(90.6%)	1	0	1	48352	2
2018-04-16-3746	pfama1.009	50	0.344827254554465	39928(79.6%)	2	0	0.6848270000000001	27402	2
2018-04-16-3746	pfama1.002	95	0.6551727454455349	39928(79.6%)	2	1	0.315173	12526	2
2018-04-16-3747	pfama1.001	107	1	46047(90.4%)	1	0	1	45722	2
2018-04-16-3761	pfama1.005	56	1	87770(85.7%)	1	0	1	87770	2
2018-04-16-3766	pfama1.000	124	1	65132(63.4%)	1	0	1	65132	2
2018-04-16-3777	pfama1.007	50	0.5617978547405681	61828(86%)	2	0	0.9264094632047316	57251	2
2018-04-16-3777	pfama1.013	39	0.4382021452594319	61828(86%)	2	1	0.07359053679526839	4577	2
2018-04-17-3805	pfama1.001	107	1	55517(91.7%)	1	0	1	51490	1
2018-04-17-3818	pfama1.007	50	1	43106(90.2%)	1	0	1	43106	2
2018-04-18-3095	pfama1.005	56	1	45618(91.4%)	1	0	1	45618	2
2018-04-18-3096	pfama1.019	22	0.13924070038451372	32195(75.5%)	4	0	0.727727174654522	23407	2
2018-04-18-3096	pfama1.011	47	0.29746830444641315	32195(75.5%)	4	1	0.23958305749993378	7755	2
2018-04-18-3096	pfama1.010	49	0.31012654993591443	32195(75.5%)	4	2	0.025285406068497458	796	2
2018-04-18-3315	pfama1.010	49	0.5568182766012462	38592(81.8%)	2	0	0.894176	34424	2
2018-04-18-3315	pfama1.014	39	0.44318172339875384	38592(81.8%)	2	1	0.105824	4168	2
2018-04-18-3364	pfama1.017	23	1	77955(92%)	1	0	1	77955	2
2018-04-18-3505	pfama1.035	7	1	87186(86.6%)	1	0	1	87186	2
2018-04-18-3506	pfama1.008	50	0.5617978547405681	43566(91.9%)	2	0	0.9908852873567333	43167	2
2018-04-18-3510	pfama1.027	12	1	67254(89.6%)	1	0	1	67254	2
2018-04-18-3787	pfama1.004	63	1	75735(84.6%)	1	0	1	75735	2
2018-04-18-3816	pfama1.000	124	1	44464(89.4%)	1	0	1	44464	2
2018-04-19-3786	pfama1.003	69	0.25177266014327043	34722(88.6%)	4	0	0.8957990895799091	31107	2
2018-04-19-3786	pfama1.006	54	0.19148920110172762	34722(88.6%)	4	1	0.04535380453538045	1561	2
2018-04-19-3786	pfama1.009	50	0.1773047965546806	34722(88.6%)	4	2	0.03192040319204032	1113	2
2018-04-19-3786	pfama1.001	107	0.3794333422003214	34722(88.6%)	4	3	0.02692670269267027	941	2
2018-04-23-3164	pfama1.000	124	1	22091(96.8%)	1	0	1	22091	2
2018-04-24-3523	pfama1.006	54	1	85678(84.2%)	1	0	1	85678	2
2018-04-24-3527	pfama1.002	95	1	76225(86.4%)	1	0	1	76225	2
2018-04-25-3249	pfama1.000	124	1	49259(88.1%)	1	0	1	48643	1
2018-04-26-3285	pfama1.010	49	0.20940139572699767	33835(73.8%)	5	0	0.6377281913184574	21626	2
2018-04-26-3285	pfama1.023	19	0.0811965811965812	33835(73.8%)	5	1	0.26617807985342395	8969	2
2018-04-26-3285	pfama1.008	50	0.2136749000005019	33835(73.8%)	5	2	0.046279813883944164	1538	2
2018-04-26-3285	pfama1.001	107	0.4572655846143809	33835(73.8%)	5	3	0.02851930855579256	966	2
2018-04-26-3285	pfama1.033	9	0.038461538461538464	33835(73.8%)	5	4	0.021294606388381918	736	2
2018-04-30-3540	pfama1.007	50	1	44021(89.2%)	1	0	1	44021	2
2018-04-30-3541	pfama1.008	50	1	42309(85.9%)	1	0	1	42309	1
2018-04-30-3542	pfama1.030	10	0.1098902871633884	50475(82.8%)	3	0	0.658249	33222	2
2018-04-30-3542	pfama1.006	54	0.5934067440888802	50475(82.8%)	3	1	0.327226	16519	2
2018-04-30-3542	pfama1.015	27	0.2967029687477314	50475(82.8%)	3	2	0.014525	734	2
2018-04-30-3546	pfama1.007	50	1	63703(85%)	1	0	1	63137	2
2018-05-01-3577	pfama1.000	124	1	42062(88.3%)	1	0	1	39223	1
2018-05-01-3578	pfama1.029	11	0.03160924207127182	35579(72.8%)	9	0	0.46717381313047474	16658	2
2018-05-01-3578	pfama1.021	21	0.06034491668151892	35579(72.8%)	9	1	0.22369191052323578	7929	2
2018-05-01-3578	pfama1.005	56	0.1609195668978696	35579(72.8%)	9	2	0.12855594857762057	4534	2
2018-05-01-3578	pfama1.008	50	0.14367816213172135	35579(72.8%)	9	3	0.057822276871089255	2025	2
2018-05-01-3578	pfama1.011	47	0.13505745974864722	35579(72.8%)	9	4	0.04781418087432765	1743	2
2018-05-01-3578	pfama1.007	50	0.14367816213172135	35579(72.8%)	9	5	0.030981987607204955	1120	2
2018-05-01-3578	pfama1.016	24	0.06896540814507889	35579(72.8%)	9	6	0.02492849002860399	883	2
2018-05-01-3578	pfama1.013	39	0.11206892006044954	35579(72.8%)	9	7	0.010263695894521642	372	2
2018-05-01-3579	pfama1.032	9	1	74496(85.9%)	1	0	1	74496	2
2018-05-01-3602	pfama1.021	21	0.09545461233341093	42625(89.5%)	4	0	0.9603576136947276	40570	2
2018-05-01-3602	pfama1.003	69	0.32272683156940496	42625(89.5%)	4	1	0.02246799866544043	951	2
2018-05-01-3604	pfama1.002	95	0.2060739233279158	24128(80.8%)	9	0	0.37412411223723363	9015	2
2018-05-01-3604	pfama1.000	124	0.2711498991156787	24128(80.8%)	9	1	0.18709705612911687	4556	2
2018-05-01-3604	pfama1.007	50	0.10845980042730548	24128(80.8%)	9	2	0.10324803097440931	2445	2
2018-05-01-3604	pfama1.020	22	0.04772238224435946	24128(80.8%)	9	3	0.09947672984301895	2412	2
2018-05-01-3604	pfama1.003	69	0.1540128242597735	24128(80.8%)	9	4	0.07959532387859716	1929	2
2018-05-01-3604	pfama1.009	50	0.10845980042730548	24128(80.8%)	9	5	0.0677730203319061	1658	2
2018-05-01-3604	pfama1.012	40	0.08676780849805119	24128(80.8%)	9	6	0.040954512286353696	987	2
2018-05-01-3604	pfama1.044	3	0.006507581656879689	24128(80.8%)	9	7	0.035197710559313165	821	2
2018-05-01-3604	pfama1.040	5	0.010845980042730548	24128(80.8%)	9	8	0.012533503760051128	305	2
2018-05-01-3614	pfama1.002	95	0.9500000697298936	39161(86.2%)	2	0	0.9551606179357528	37373	2
2018-05-01-3614	pfama1.039	5	0.04999993027010646	39161(86.2%)	2	1	0.044839382064247174	1788	2
2018-05-07-3122	pfama1.001	107	1	43290(52.9%)	1	0	1	38075	2
2018-05-07-3148	pfama1.001	107	1	99988(87.8%)	1	0	1	99421	2
2018-05-07-3190	pfama1.001	107	1	77951(85%)	1	0	1	77951	2
2018-05-07-3202	pfama1.022	19	1	46778(88.1%)	1	0	1	46778	2
2018-05-07-3205	pfama1.022	19	1	53831(55.4%)	1	0	1	53831	2
2018-05-07-3659	pfama1.013	39	0.629032563579839	75741(91.3%)	2	0	0.895292	67734	2
2018-05-07-3659	pfama1.018	23	0.37096743642016083	75741(91.3%)	2	1	0.104708	8007	2
2018-05-07-3665	pfama1.002	95	1	80841(88.1%)	1	0	1	80841	2
2018-05-08-3672	pfama1.004	63	1	70917(85.5%)	1	0	1	70917	2
2018-05-08-3673	pfama1.003	69	1	44703(87.9%)	1	0	1	39885	1
2018-05-08-3685	pfama1.031	10	0.3030309770435796	35719(76.8%)	2	0	0.801607	28636	2
2018-05-08-3685	pfama1.018	23	0.6969690229564203	35719(76.8%)	2	1	0.198393	7083	2
2018-05-09-3713	pfama1.016	24	1	82769(92%)	1	0	1	82769	2
2018-05-09-3714	pfama1.006	54	0.5192307963757345	40530(77.9%)	2	0	0.536516	21745	1
2018-05-09-3714	pfama1.008	50	0.4807692036242654	40530(77.9%)	2	1	0.463484	18785	1
2018-05-09-3728	pfama1.006	54	1	76985(84.9%)	1	0	1	76450	2
2018-05-14-3746	pfama1.009	50	0.344827254554465	41527(85.9%)	2	0	0.9382690938269094	39027	2
2018-05-14-3746	pfama1.002	95	0.6551727454455349	41527(85.9%)	2	1	0.06173090617309061	2500	2
2018-05-14-3747	pfama1.001	107	1	80995(91.9%)	1	0	1	80995	2
2018-05-14-3766	pfama1.004	63	0.34554948671941976	58688(83.1%)	2	0	0.89605	52762	2
2018-05-14-3766	pfama1.000	124	0.6544505132805802	58688(83.1%)	2	1	0.10395	5926	2
2018-05-14-3777	pfama1.015	27	0.32530089583388605	57484(69%)	2	0	0.657515	35795	2
2018-05-14-3777	pfama1.005	56	0.674699104166114	57484(69%)	2	1	0.342485	21689	2
2018-05-15-3786	pfama1.001	107	0.3794333422003214	39420(78.6%)	4	0	0.5197809480219052	20531	2
2018-05-15-3786	pfama1.003	69	0.25177266014327043	39420(78.6%)	4	1	0.401856959814304	15813	2
2018-05-15-3786	pfama1.006	54	0.19148920110172762	39420(78.6%)	4	2	0.061502193849780604	2414	2
2018-05-15-3786	pfama1.009	50	0.1773047965546806	39420(78.6%)	4	3	0.016859898314010167	662	2
2018-05-15-3787	pfama1.004	63	1	78414(87.3%)	1	0	1	77940	2
2018-05-15-3805	pfama1.001	107	1	55241(84.3%)	1	0	1	55241	2
2018-05-15-3808	pfama1.000	124	0.5411258850093196	45581(87%)	4	0	0.6741312022393606	30731	2
2018-05-15-3808	pfama1.014	39	0.16883095837429643	45581(87%)	4	1	0.25628907688672303	11760	2
2018-05-15-3808	pfama1.008	50	0.21645003625511655	45581(87%)	4	2	0.036410710923213276	1609	2
2018-05-15-3808	pfama1.025	17	0.07359312036126746	45581(87%)	4	3	0.03316900995070298	1481	2
2018-05-15-3816	pfama1.000	124	1	43431(89.8%)	1	0	1	42767	2
2018-05-16-3095	pfama1.005	56	1	34511(89.5%)	1	0	1	34310	1
2018-05-16-3096	pfama1.010	49	1	43267(92.3%)	1	0	1	43267	2
2018-05-16-3315	pfama1.024	18	0.315789880332283	45767(87.2%)	2	0	0.9419480941948094	43054	2
2018-05-16-3315	pfama1.014	39	0.684210119667717	45767(87.2%)	2	1	0.05805190580519058	2713	2
2018-05-16-3364	pfama1.017	23	1	53301(87.6%)	1	0	1	53301	2
2018-05-16-3506	pfama1.008	50	1	35083(62.7%)	1	0	1	35083	2
2018-05-16-3510	pfama1.027	12	0.20339008353912283	34644(66.7%)	2	0	0.518523	18044	2
2018-05-16-3510	pfama1.011	47	0.7966099164608772	34644(66.7%)	2	1	0.48147700000000004	16600	2
2018-05-21-3164	pfama1.000	124	1	41165(90.1%)	1	0	1	41165	2
2018-05-21-3808	pfama1.000	124	0.5411258850093196	15369(71.6%)	4	0	0.45384786384564085	6978	2
2018-05-21-3808	pfama1.025	17	0.07359312036126746	15369(71.6%)	4	1	0.30268190919542726	4650	2
2018-05-21-3808	pfama1.014	39	0.16883095837429643	15369(71.6%)	4	2	0.17517494744751577	2692	2
2018-05-21-3808	pfama1.008	50	0.21645003625511655	15369(71.6%)	4	3	0.06829527951141616	1049	2
2018-05-22-3285	pfama1.023	19	0.05775075987841945	28486(68.2%)	6	0	0.4183368744989376	11936	2
2018-05-22-3285	pfama1.033	9	0.027355623100303948	28486(68.2%)	6	1	0.20640093807971857	5894	2
2018-05-22-3285	pfama1.010	49	0.148935947112819	28486(68.2%)	6	2	0.15516495345051393	4374	2
2018-05-22-3285	pfama1.001	107	0.3252284097257298	28486(68.2%)	6	3	0.09058197282540814	2593	2
2018-05-22-3285	pfama1.002	95	0.2887537993920972	28486(68.2%)	6	4	0.08566007430197771	2428	2
2018-05-22-3285	pfama1.008	50	0.1519754607906305	28486(68.2%)	6	5	0.04385518684344394	1261	2
2018-05-22-3527	pfama1.002	95	1	54247(88.2%)	1	0	1	54247	2
2018-05-28-3541	pfama1.008	50	1	52192(85.4%)	1	0	1	52192	2
2018-05-28-3542	pfama1.025	17	0.3863642808884737	38547(87.9%)	2	0	0.9780880978088098	37716	2
2018-05-28-3542	pfama1.015	27	0.6136357191115263	38547(87.9%)	2	1	0.02191190219119022	831	2
2018-05-28-3546	pfama1.007	50	1	40190(86.2%)	1	0	1	38970	1
2018-05-28-3570	pfama1.000	124	1	38902(90.8%)	1	0	1	38902	2
2018-05-28-3614	pfama1.002	95	1	58162(78.1%)	1	0	1	58162	2
2018-05-28-3616	pfama1.002	95	1	58365(88.3%)	1	0	1	58365	2
2018-05-29-3577	pfama1.000	124	1	36996(86.6%)	1	0	1	35336	1
2018-05-29-3578	pfama1.009	50	0.10845984878012742	15858(69.9%)	9	0	0.31561406312281265	5005	1
2018-05-29-3578	pfama1.003	69	0.1540128929207395	15858(69.9%)	9	1	0.21087104217420846	3344	1
2018-05-29-3578	pfama1.000	124	0.27115001999791105	15858(69.9%)	9	2	0.1371550274310055	2175	1
2018-05-29-3578	pfama1.011	47	0.10195224830017756	15858(69.9%)	9	3	0.11464202292840461	1818	1
2018-05-29-3578	pfama1.008	50	0.10845984878012742	15858(69.9%)	9	4	0.07289701457940292	1156	1
2018-05-29-3578	pfama1.021	21	0.04555320335964906	15858(69.9%)	9	5	0.04672720934544187	741	1
2018-05-29-3578	pfama1.016	24	0.05206064462056194	15858(69.9%)	9	6	0.04464620892924179	708	1
2018-05-29-3578	pfama1.007	50	0.10845984878012742	15858(69.9%)	9	7	0.043511208702241747	690	1
2018-05-29-3578	pfama1.018	23	0.04989144446057864	15858(69.9%)	9	8	0.01393620278724056	221	1
2018-05-29-3602	pfama1.021	21	0.14383561643835618	78192(89.6%)	2	0	0.9905567613078952	76906	2
2018-05-29-3604	pfama1.007	50	0.07496245159181436	28843(61.9%)	11	0	0.3064687241781483	8825	2
2018-05-29-3604	pfama1.020	22	0.03298352712013866	28843(61.9%)	11	1	0.2027998174801643	5807	2
2018-05-29-3604	pfama1.036	7	0.010494736620162147	28843(61.9%)	11	2	0.10085990922608172	2906	2
2018-05-29-3604	pfama1.001	107	0.1604201019922214	28843(61.9%)	11	3	0.08226332596300663	2398	2
2018-05-29-3604	pfama1.006	54	0.08095945652274868	28843(61.9%)	11	4	0.06405094235415189	1879	2
2018-05-29-3604	pfama1.010	49	0.0734632003590808	28843(61.9%)	11	5	0.06151924463267984	1752	2
2018-05-29-3604	pfama1.002	95	0.14242886710968966	28843(61.9%)	11	6	0.05575914981676518	1604	2
2018-05-29-3604	pfama1.000	124	0.18740640409169695	28843(61.9%)	11	7	0.04638475825371758	1347	2
2018-05-29-3604	pfama1.003	69	0.10644661743435505	28843(61.9%)	11	8	0.04350766084310524	1270	2
2018-05-29-3604	pfama1.011	47	0.07046469789361363	28843(61.9%)	11	9	0.021090581018477085	619	2
2018-05-29-3604	pfama1.012	40	0.05996993926447862	28843(61.9%)	11	10	0.015295886233702392	436	2
2018-05-30-3642	pfama1.002	95	1	62694(84.9%)	1	0	1	62694	2
2018-06-04-3122	pfama1.003	69	0.7553193566094798	37946(61%)	2	0	0.646181	25132	2
2018-06-04-3122	pfama1.018	23	0.2446806433905203	37946(61%)	2	1	0.353819	12814	2
2018-06-04-3190	pfama1.001	107	1	64653(87.2%)	1	0	1	64653	2
2018-06-04-3205	pfama1.000	124	0.7911392405063291	43794(70%)	3	0	0.608735	26615	2
2018-06-04-3205	pfama1.022	19	0.12025316455696201	43794(70%)	3	1	0.209238	9249	2
2018-06-04-3205	pfama1.026	14	0.08860759493670885	43794(70%)	3	2	0.182027	7930	2
2018-06-04-3659	pfama1.030	10	0.2040819383589859	47861(77.6%)	2	0	0.6366350000000001	30606	2
2018-06-04-3659	pfama1.013	39	0.7959180616410142	47861(77.6%)	2	1	0.363365	17255	2
2018-06-05-3672	pfama1.004	63	1	57116(87.5%)	1	0	1	56724	2
2018-06-05-3685	pfama1.003	69	0.8765429861301156	61639(87.9%)	2	0	0.9111820911182091	57199	2
2018-06-05-3685	pfama1.031	10	0.12345701386988443	61639(87.9%)	2	1	0.08881790888179089	4440	2
2018-06-06-3713	pfama1.016	24	1	30314(84.4%)	1	0	1	29828	1
2018-06-06-3714	pfama1.008	50	1	45465(76.1%)	1	0	1	45465	2
2018-06-06-3728	pfama1.006	54	1	64254(84.1%)	1	0	1	63843	2
2018-06-07-3782	pfama1.011	47	0.16785701272204465	32970(89.7%)	5	0	0.7998495760797247	26362	2
2018-06-07-3782	pfama1.007	50	0.1785713068623439	32970(89.7%)	5	1	0.15289791896410299	5046	2
2018-06-07-3782	pfama1.002	95	0.3392859811094767	32970(89.7%)	5	2	0.024928786787743004	840	2
2018-06-07-3782	pfama1.004	63	0.23571420894393996	32970(89.7%)	5	3	0.013957292602634919	475	2
2018-06-11-3746	pfama1.002	95	1	59523(84.5%)	1	0	1	59523	2
2018-06-11-3747	pfama1.001	107	1	72650(92.4%)	1	0	1	72650	2
2018-06-11-3766	pfama1.004	63	1	48135(90.8%)	1	0	1	48135	2
2018-06-11-3777	pfama1.015	27	1	48809(79.8%)	1	0	1	48809	2
2018-06-11-3782	pfama1.011	47	0.48453605907110414	54142(88.9%)	2	0	0.752765	39938	2
2018-06-11-3782	pfama1.007	50	0.5154639409288958	54142(88.9%)	2	1	0.24723499999999998	14204	2
2018-06-12-3786	pfama1.003	69	0.25177266014327043	39880(80.2%)	4	0	0.42570595742940437	16945	2
2018-06-12-3786	pfama1.001	107	0.3794333422003214	39880(80.2%)	4	1	0.2784829721517028	11013	2
2018-06-12-3786	pfama1.006	54	0.19148920110172762	39880(80.2%)	4	2	0.20944097905590212	8451	2
2018-06-12-3786	pfama1.009	50	0.1773047965546806	39880(80.2%)	4	3	0.08637009136299088	3471	2
2018-06-12-3787	pfama1.004	63	1	59458(87.7%)	1	0	1	59458	2
2018-06-12-3805	pfama1.001	107	1	59386(89.2%)	1	0	1	59386	2
2018-06-12-3816	pfama1.000	124	1	59935(82.1%)	1	0	1	59935	2
2018-06-13-3079	pfama1.001	107	1	50154(93.5%)	1	0	1	49828	2
2018-06-13-3081	pfama1.001	107	1	3864(94%)	1	0	1	3864	2
2018-06-13-3095	pfama1.005	56	1	39080(89.9%)	1	0	1	39080	2
2018-06-13-3096	pfama1.019	22	0.1366461496238137	43431(87%)	4	0	0.5766472883236441	25041	2
2018-06-13-3096	pfama1.009	50	0.3105589750626977	43431(87%)	4	1	0.21510210755105372	9305	2
2018-06-13-3096	pfama1.010	49	0.30434778644343347	43431(87%)	4	2	0.14786307393153697	6466	2
2018-06-13-3096	pfama1.012	40	0.24844708887005515	43431(87%)	4	3	0.06038753019376508	2619	2
2018-06-13-3315	pfama1.012	40	0.5063291256849894	41351(75.6%)	2	0	0.600421	25036	2
2018-06-13-3315	pfama1.014	39	0.4936708743150105	41351(75.6%)	2	1	0.399579	16315	2
2018-06-13-3364	pfama1.017	23	1	63588(91.4%)	1	0	1	63588	2
2018-06-13-3506	pfama1.008	50	1	30845(85.9%)	1	0	1	30071	1
2018-06-13-3510	pfama1.011	47	0.7966099164608772	52206(78.8%)	2	0	0.738867	38395	2
2018-06-13-3510	pfama1.027	12	0.20339008353912283	52206(78.8%)	2	1	0.261133	13811	2
2018-06-18-3164	pfama1.011	47	0.2732555038199961	87227(94.3%)	2	0	0.560078	48532	2
2018-06-18-3164	pfama1.000	124	0.7267444961800039	87227(94.3%)	2	1	0.43992200000000004	38695	2
2018-06-19-3527	pfama1.002	95	1	34780(88.8%)	1	0	1	34780	1
2018-06-20-3555	pfama1.009	50	0.5617978547405681	66141(76.9%)	2	0	0.819621	54094	2
2018-06-20-3555	pfama1.013	39	0.4382021452594319	66141(76.9%)	2	1	0.180379	12047	2
2018-06-20-3626	pfama1.003	69	1	47270(93.5%)	1	0	1	47270	2
2018-06-25-3541	pfama1.008	50	1	55551(84.7%)	1	0	1	55551	2
2018-06-25-3542	pfama1.025	17	0.3863642808884737	47241(67.3%)	2	0	0.725154	34502	2
2018-06-25-3542	pfama1.015	27	0.6136357191115263	47241(67.3%)	2	1	0.274846	12739	2
2018-06-25-3555	pfama1.009	50	1	62864(79.4%)	1	0	1	62304	2
2018-06-25-3570	pfama1.000	124	1	5382(98.6%)	1	0	1	5382	2
2018-06-25-3685	pfama1.003	69	1	37696(97.7%)	1	0	1	37696	2
2018-06-26-3575	pfama1.000	124	1	64368(85.4%)	1	0	1	63924	2
2018-06-26-3578	pfama1.013	39	0.10399992640429799	33774(72.9%)	8	0	0.6252492500997001	21112	2
2018-06-26-3578	pfama1.007	50	0.13333329418668333	33774(72.9%)	8	1	0.09908353963341587	3360	2
2018-06-26-3578	pfama1.016	24	0.06399987942831799	33774(72.9%)	8	2	0.09397263758905507	3194	2
2018-06-26-3578	pfama1.000	124	0.3333337247998334	33774(72.9%)	8	3	0.05642442256976903	1892	2
2018-06-26-3578	pfama1.011	47	0.1253332847914873	33774(72.9%)	8	4	0.04318151727260691	1437	2
2018-06-26-3578	pfama1.018	23	0.06133320962991931	33774(72.9%)	8	5	0.04025261610104645	1366	2
2018-06-26-3578	pfama1.005	56	0.14933331297707533	33774(72.9%)	8	6	0.02106610842644337	715	2
2018-06-26-3578	pfama1.029	11	0.02933336778238534	33774(72.9%)	8	7	0.020769908307963325	698	2
2018-06-26-3579	pfama1.032	9	1	70623(92.5%)	1	0	1	70623	2
2018-06-26-3597	pfama1.012	40	1	41301(90.8%)	1	0	1	41301	2
2018-06-26-3602	pfama1.000	124	0.8503401360544218	34140(88.7%)	2	0	0.9805059019494098	33514	2
2018-06-26-3602	pfama1.020	22	0.14965986394557823	34140(88.7%)	2	1	0.01949409805059019	626	2
2018-06-26-3604	pfama1.002	95	0.14797515062903788	11224(82.7%)	12	0	0.24703892588832221	2782	2
2018-06-26-3604	pfama1.000	124	0.19470414556452353	11224(82.7%)	12	1	0.1986579404026179	2235	2
2018-06-26-3604	pfama1.031	10	0.015576331645161883	11224(82.7%)	12	2	0.1569819529054141	1758	2
2018-06-26-3604	pfama1.011	47	0.0732086444021695	11224(82.7%)	12	3	0.1343459596962121	1514	2
2018-06-26-3604	pfama1.040	5	0.0077881543895718065	11224(82.7%)	12	4	0.06753477973956609	753	2
2018-06-26-3604	pfama1.006	54	0.08411207655378283	11224(82.7%)	12	5	0.03784058864782341	419	2
2018-06-26-3604	pfama1.010	49	0.07632391073120189	11224(82.7%)	12	6	0.0354966893509932	395	2
2018-06-26-3604	pfama1.020	22	0.03426792961935614	11224(82.7%)	12	7	0.03525258942422318	389	2
2018-06-26-3604	pfama1.008	50	0.07788154389571807	11224(82.7%)	12	8	0.02683569194929242	300	2
2018-06-26-3604	pfama1.001	107	0.1666669772634148	11224(82.7%)	12	9	0.026297492110752368	299	2
2018-06-26-3604	pfama1.003	69	0.11059172602046667	11224(82.7%)	12	10	0.02133619359914192	240	2
2018-06-26-3604	pfama1.036	7	0.010903409285595049	11224(82.7%)	12	11	0.012381196285641117	140	2
2018-06-26-3614	pfama1.002	95	0.9500000697298936	71410(88.9%)	2	0	0.9176331835266367	65548	2
2018-06-26-3614	pfama1.039	5	0.04999993027010646	71410(88.9%)	2	1	0.0823668164733633	5862	2
2018-06-26-3616	pfama1.002	95	1	52702(87.6%)	1	0	1	52702	2
2018-06-27-3629	pfama1.003	69	1	76198(88.2%)	1	0	1	75634	2
2018-06-27-3630	pfama1.014	39	1	47337(86.8%)	1	0	1	46424	1
2018-06-28-3642	pfama1.002	95	1	54463(84.6%)	1	0	1	54463	2
2018-07-02-3122	pfama1.003	69	0.35323322949011166	65683(79.8%)	3	0	0.6679480000000001	44697	2
2018-07-02-3122	pfama1.001	107	0.5323392332010065	65683(79.8%)	3	1	0.17972200000000002	11376	2
2018-07-02-3122	pfama1.018	23	0.11442753730888179	65683(79.8%)	3	2	0.15233000000000002	9610	2
2018-07-02-3190	pfama1.001	107	1	59457(83.9%)	1	0	1	59457	2
2018-07-02-3202	pfama1.022	19	1	63745(89.6%)	1	0	1	63745	2
2018-07-02-3205	pfama1.026	14	0.10071942446043165	54558(83.1%)	2	0	0.888046	48640	2
2018-07-02-3205	pfama1.000	124	0.8992805755395684	54558(83.1%)	2	1	0.11195400000000001	5918	2
2018-07-02-3659	pfama1.013	39	1	80050(83.1%)	1	0	1	80050	2
2018-07-03-3672	pfama1.004	63	1	73054(90.8%)	1	0	1	73054	2
2018-07-03-3685	pfama1.003	69	1	48867(81.2%)	1	0	1	48538	2
2018-07-04-3713	pfama1.016	24	1	65984(87.8%)	1	0	1	65609	2
2018-07-04-3714	pfama1.006	54	0.5192307963757345	40728(73.6%)	2	0	0.594811	24256	2
2018-07-04-3714	pfama1.008	50	0.4807692036242654	40728(73.6%)	2	1	0.40518899999999997	16472	2
2018-07-05-3720	pfama1.000	124	0.5387927625230561	50059(84.5%)	2	0	0.879783	43739	2
2018-07-05-3720	pfama1.001	107	0.46120723747694387	50059(84.5%)	2	1	0.120217	6320	2
2018-07-09-3746	pfama1.009	50	0.344827254554465	44064(70.8%)	2	0	0.77768	35838	2
2018-07-09-3746	pfama1.002	95	0.6551727454455349	44064(70.8%)	2	1	0.22232	8226	2
2018-07-09-3747	pfama1.001	107	1	48615(83.3%)	1	0	1	48615	2
2018-07-09-3761	pfama1.005	56	1	37111(92%)	1	0	1	37111	2
2018-07-09-3766	pfama1.004	63	1	34568(91.7%)	1	0	1	34568	2
2018-07-09-3777	pfama1.015	27	0.9642856206631697	46514(90.2%)	2	0	0.8825626851867711	38350	1
2018-07-09-3777	pfama1.079	1	0.03571437933683033	46514(90.2%)	2	1	0.11743731481322897	5103	1
2018-07-10-3786	pfama1.006	54	0.3085715268375587	39655(86.3%)	3	0	0.9311942327985582	36969	2
2018-07-10-3786	pfama1.003	69	0.40571412752978364	39655(86.3%)	3	1	0.06015181503795376	2342	2
2018-07-10-3816	pfama1.000	124	1	55001(92.3%)	1	0	1	55001	2
2018-07-11-3079	pfama1.001	107	1	40565(91.3%)	1	0	1	40565	2
2018-07-11-3081	pfama1.001	107	1	34026(96.7%)	1	0	1	34026	2
2018-07-11-3093	pfama1.034	7	1	52426(86%)	1	0	1	52426	2
2018-07-11-3096	pfama1.019	22	0.1392407003845137	38795(78.4%)	4	0	0.7670546931781226	29884	2
2018-07-11-3096	pfama1.011	47	0.2974683044464131	38795(78.4%)	4	1	0.1289199484320206	4838	2
2018-07-11-3096	pfama1.012	40	0.2531644452331588	38795(78.4%)	4	2	0.07327227069109171	2887	2
2018-07-11-3096	pfama1.010	49	0.3101265499359144	38795(78.4%)	4	3	0.030753087698764916	1186	2
2018-07-11-3315	pfama1.024	18	0.1232878571776898	40059(77.4%)	4	0	0.7140474284284571	28648	2
2018-07-11-3315	pfama1.012	40	0.27397251321074195	40059(77.4%)	4	1	0.20596112357667418	8221	2
2018-07-11-3315	pfama1.010	49	0.33561644179958683	40059(77.4%)	4	2	0.06601943961166376	2631	2
2018-07-11-3315	pfama1.014	39	0.26712318781198136	40059(77.4%)	4	3	0.013972008383205031	559	2
2018-07-11-3364	pfama1.017	23	1	9987(95.4%)	1	0	1	9987	2
2018-07-11-3506	pfama1.008	50	0.6756753539812036	30636(75.4%)	3	0	0.458743	13971	2
2018-07-11-3506	pfama1.019	22	0.2972975921838966	30636(75.4%)	3	1	0.41893199999999997	12841	2
2018-07-11-3506	pfama1.048	2	0.027027053834899697	30636(75.4%)	3	2	0.122325	3824	2
2018-07-11-3510	pfama1.027	12	0.20339008353912283	36262(64.1%)	2	0	0.547651	19899	2
2018-07-11-3510	pfama1.011	47	0.7966099164608772	36262(64.1%)	2	1	0.452349	16363	2
2018-07-11-3805	pfama1.001	107	1	41334(89.2%)	1	0	1	39859	1
2018-07-15-3149	pfama1.004	63	1	40291(99.1%)	1	0	1	40291	2
2018-07-16-3164	pfama1.011	47	0.2732555038199961	69251(91.8%)	2	0	0.766774	52889	2
2018-07-16-3164	pfama1.000	124	0.7267444961800039	69251(91.8%)	2	1	0.23322600000000002	16362	2
2018-07-17-3285	pfama1.023	19	0.08260864292639401	29519(69.5%)	4	0	0.759083	22430	2
2018-07-17-3285	pfama1.002	95	0.41304321463197	29519(69.5%)	4	1	0.20361600000000002	5997	2
2018-07-17-3285	pfama1.001	107	0.4652177326343967	29519(69.5%)	4	2	0.0252513	740	2
2018-07-17-3285	pfama1.033	9	0.039130409807239266	29519(69.5%)	4	3	0.012049700000000002	352	2
2018-07-18-3523	pfama1.006	54	1	62117(87.1%)	1	0	1	62117	2
2018-07-19-3527	pfama1.002	95	1	41349(90.1%)	1	0	1	40403	1
2018-07-23-3429	pfama1.001	107	1	49213(93.2%)	1	0	1	49213	2
2018-07-23-3541	pfama1.008	50	1	33335(89.3%)	1	0	1	32864	1
2018-07-23-3542	pfama1.025	17	1	56219(86.9%)	1	0	1	56219	2
2018-07-23-3570	pfama1.000	124	1	40400(94.6%)	1	0	1	40400	2
2018-07-24-3575	pfama1.000	124	1	61285(94.1%)	1	0	1	61285	2
2018-07-24-3578	pfama1.016	24	0.08664249500707635	33644(83.6%)	8	0	0.7136590713659071	24032	2
2018-07-24-3578	pfama1.081	1	0.0036101149995455563	33644(83.6%)	8	1	0.08706360870636087	2930	2
2018-07-24-3578	pfama1.009	50	0.18050548499526078	33644(83.6%)	8	2	0.059756005975600594	2006	2
2018-07-24-3578	pfama1.003	69	0.2563176350037005	33644(83.6%)	8	3	0.04729640472964047	1581	2
2018-07-24-3578	pfama1.029	11	0.03971126499500111	33644(83.6%)	8	4	0.03742110374211037	1266	2
2018-07-24-3578	pfama1.007	50	0.18050548499526078	33644(83.6%)	8	5	0.028440302844030284	948	2
2018-07-24-3578	pfama1.018	23	0.08303238000753078	33644(83.6%)	8	6	0.013259001325900133	440	2
2018-07-24-3578	pfama1.011	47	0.16967513999662412	33644(83.6%)	8	7	0.013104501310450128	441	2
2018-07-24-3579	pfama1.032	9	1	59063(87.6%)	1	0	1	59063	2
2018-07-24-3580	pfama1.005	56	1	65697(86.4%)	1	0	1	65697	2
2018-07-24-3598	pfama1.012	40	1	40971(90.9%)	1	0	1	40971	2
2018-07-24-3602	pfama1.020	22	0.09909913186425513	32476(79.3%)	4	0	0.7846850784685079	25586	2
2018-07-24-3602	pfama1.023	19	0.0855856138827658	32476(79.3%)	4	1	0.1698790169879017	5473	2
2018-07-24-3602	pfama1.005	56	0.25225200502425665	32476(79.3%)	4	2	0.025874602587460254	825	2
2018-07-24-3602	pfama1.000	124	0.5630632492287224	32476(79.3%)	4	3	0.019561301956130196	592	2
2018-07-24-3604	pfama1.020	22	0.3098594752626633	34918(86%)	2	0	0.9896260989626099	34540	2
2018-07-24-3604	pfama1.010	49	0.6901405247373367	34918(86%)	2	1	0.010373901037390101	378	2
2018-07-24-3614	pfama1.002	95	1	53620(89.7%)	1	0	1	53620	2
2018-07-24-3616	pfama1.002	95	1	48650(82.9%)	1	0	1	48650	2
2018-07-25-3629	pfama1.003	69	1	49688(94%)	1	0	1	49688	2
2018-07-30-3122	pfama1.001	107	0.6011244202233995	44074(76.7%)	2	0	0.760099	33543	2
2018-07-30-3122	pfama1.003	69	0.3988755797766005	44074(76.7%)	2	1	0.23990100000000003	10531	2
2018-07-30-3190	pfama1.001	107	1	41726(90.9%)	1	0	1	41726	2
2018-07-30-3202	pfama1.022	19	1	53291(88.1%)	1	0	1	51836	1
2018-07-30-3205	pfama1.026	14	1	77552(86.7%)	1	0	1	77552	2
2018-07-30-3659	pfama1.013	39	0.5416667516204077	61790(83%)	3	0	0.7497782249334675	46221	2
2018-07-30-3659	pfama1.030	10	0.13888917206802553	61790(83%)	3	1	0.17573305271991582	11079	2
2018-07-30-3659	pfama1.018	23	0.3194440763115668	61790(83%)	3	2	0.0744887223466167	4490	2
2018-07-31-3672	pfama1.025	17	0.20481945823764075	42842(90.9%)	2	0	0.9821086071565571	42063	2
2018-07-31-3672	pfama1.004	63	0.7951805417623593	42842(90.9%)	2	1	0.017891392843442863	779	2
2018-08-01-3713	pfama1.016	24	1	32380(86.9%)	1	0	1	31506	1
2018-08-01-3714	pfama1.008	50	0.4807692036242654	48547(83.7%)	2	0	0.695449	34441	2
2018-08-01-3714	pfama1.006	54	0.5192307963757345	48547(83.7%)	2	1	0.304551	14106	2
2018-08-01-3720	pfama1.000	124	0.5387927625230561	65022(95.6%)	2	0	0.9613138077372384	62507	2
2018-08-01-3720	pfama1.001	107	0.46120723747694387	65022(95.6%)	2	1	0.03868619226276155	2515	2
2018-08-01-3728	pfama1.006	54	1	58637(86.7%)	1	0	1	58226	2
2018-08-06-3746	pfama1.002	95	1	81213(88.7%)	1	0	1	80659	2
2018-08-06-3766	pfama1.004	63	0.34554948671941976	40275(69.2%)	2	0	0.511678	20692	2
2018-08-06-3766	pfama1.000	124	0.6544505132805802	40275(69.2%)	2	1	0.48832200000000003	19583	2
2018-08-07-3786	pfama1.006	54	0.3698630687933896	53489(83%)	3	0	0.8657619206039745	45907	2
2018-08-07-3786	pfama1.003	69	0.486301097832639	53489(83%)	3	1	0.0815045302712769	4409	2
2018-08-07-3786	pfama1.021	21	0.1438358333739715	53489(83%)	3	2	0.052733549124748647	2838	2
2018-08-07-3787	pfama1.004	63	1	50364(87.1%)	1	0	1	50364	2
2018-08-07-3805	pfama1.001	107	1	26123(87.5%)	1	0	1	24768	1
2018-08-07-3816	pfama1.000	124	1	62012(83.6%)	1	0	1	62012	2
2018-08-07-3818	pfama1.007	50	1	32663(88%)	1	0	1	30739	1
2018-08-08-3079	pfama1.001	107	1	39073(90.5%)	1	0	1	39073	2
2018-08-08-3081	pfama1.001	107	1	34230(90.4%)	1	0	1	34230	2
2018-08-08-3093	pfama1.034	7	1	41509(89.3%)	1	0	1	41509	2
2018-08-08-3095	pfama1.005	56	1	40960(91.7%)	1	0	1	40960	2
2018-08-08-3096	pfama1.009	50	0.24038460181213273	42219(83%)	5	0	0.633582809925157	27027	2
2018-08-08-3096	pfama1.019	22	0.10576938006653992	42219(83%)	5	1	0.188770943368717	7882	2
2018-08-08-3096	pfama1.011	47	0.22596150453033184	42219(83%)	5	2	0.12088196373541088	4960	2
2018-08-08-3096	pfama1.010	49	0.23557690271819914	42219(83%)	5	3	0.04047338785798365	1641	2
2018-08-08-3096	pfama1.012	40	0.19230761087279644	42219(83%)	5	4	0.016290895112731466	709	2
2018-08-08-3315	pfama1.024	18	0.18556729114675002	44310(84.6%)	3	0	0.9542473816989526	42284	2
2018-08-08-3315	pfama1.012	40	0.4123710014029236	44310(84.6%)	3	1	0.03281151312460525	1455	2
2018-08-08-3315	pfama1.014	39	0.4020617074503263	44310(84.6%)	3	2	0.01294110517644207	571	2
2018-08-08-3364	pfama1.017	23	1	54658(88.4%)	1	0	1	54357	2
2018-08-08-3506	pfama1.019	22	0.2972975921838966	45605(82.5%)	3	0	0.827557	37775	2
2018-08-08-3506	pfama1.048	2	0.027027053834899697	45605(82.5%)	3	1	0.107735	4791	2
2018-08-08-3506	pfama1.008	50	0.6756753539812036	45605(82.5%)	3	2	0.064708	3039	2
2018-08-08-3510	pfama1.011	47	1	34155(48.9%)	1	0	1	34155	2
2018-08-13-3164	pfama1.011	47	0.2732555038199961	44762(91.7%)	2	0	0.881163	39497	2
2018-08-13-3164	pfama1.000	124	0.7267444961800039	44762(91.7%)	2	1	0.118837	5265	2
2018-08-13-3604	pfama1.002	95	0.15273319466963647	24273(64.7%)	10	0	0.5105066069099127	12405	2
2018-08-13-3604	pfama1.000	124	0.20096472982846908	24273(64.7%)	10	1	0.18293985913630847	4421	2
2018-08-13-3604	pfama1.006	54	0.0868166452795981	24273(64.7%)	10	2	0.10119592207914001	2435	2
2018-08-13-3604	pfama1.009	50	0.08038577392508708	24273(64.7%)	10	3	0.07026604589514468	1734	2
2018-08-13-3604	pfama1.012	40	0.06430859553880956	24273(64.7%)	10	4	0.04633646432092248	1119	2
2018-08-13-3604	pfama1.036	7	0.011254001269134159	24273(64.7%)	10	5	0.03852227033785184	941	2
2018-08-13-3604	pfama1.010	49	0.07877805608645934	24273(64.7%)	10	6	0.014845588568896805	360	2
2018-08-13-3604	pfama1.014	39	0.0627008777001818	24273(64.7%)	10	7	0.0146758886995657	360	2
2018-08-13-3604	pfama1.001	107	0.1720260447457706	24273(64.7%)	10	8	0.011677391008408923	280	2
2018-08-14-3285	pfama1.033	9	0.03448274892325777	2152(94.8%)	4	0	0.7230466507419857	1540	2
2018-08-14-3285	pfama1.001	107	0.40996213298311374	2152(94.8%)	4	1	0.15766314189682773	459	2
2018-08-14-3285	pfama1.002	95	0.3639845719677209	2152(94.8%)	4	2	0.08463767617390858	116	2
2018-08-14-3285	pfama1.008	50	0.19157054612590746	2152(94.8%)	4	3	0.03465253118727807	37	2
2018-08-14-3523	pfama1.006	54	1	68761(84.3%)	1	0	1	68293	2
2018-08-14-3527	pfama1.002	95	1	72212(86%)	1	0	1	71713	2
2018-08-20-3429	pfama1.001	107	1	61398(91.1%)	1	0	1	61398	2
2018-08-20-3542	pfama1.025	17	1	37736(60.8%)	1	0	1	37469	2
2018-08-20-3570	pfama1.000	124	1	62353(97.7%)	1	0	1	62353	2
2018-08-21-3575	pfama1.000	124	1	61023(86.9%)	1	0	1	61023	2
2018-08-21-3577	pfama1.000	124	1	39023(90.8%)	1	0	1	38766	1
2018-08-21-3578	pfama1.029	11	0.037037091956596636	26604(66.6%)	8	0	0.34947413978965586	9254	2
2018-08-21-3578	pfama1.011	47	0.15824914576744015	26604(66.6%)	8	1	0.2883711153484461	7700	2
2018-08-21-3578	pfama1.021	21	0.07070717555350267	26604(66.6%)	8	2	0.14125605650242257	3768	2
2018-08-21-3578	pfama1.009	50	0.16835017084651197	26604(66.6%)	8	3	0.06142912457164982	1642	2
2018-08-21-3578	pfama1.005	56	0.18855222100465557	26604(66.6%)	8	4	0.05693342277336911	1540	2
2018-08-21-3578	pfama1.013	39	0.13131307888991534	26604(66.6%)	8	5	0.04404431761772704	1193	2
2018-08-21-3578	pfama1.018	23	0.07744094513486569	26604(66.6%)	8	6	0.03792041516816606	965	2
2018-08-21-3578	pfama1.007	50	0.16835017084651197	26604(66.6%)	8	7	0.020571408228563293	542	2
2018-08-21-3597	pfama1.012	40	1	38248(90.2%)	1	0	1	38248	2
2018-08-21-3602	pfama1.020	22	0.10837442342201947	7545(94.1%)	3	0	0.6655610000000001	5025	2
2018-08-21-3602	pfama1.005	56	0.2758618071346881	7545(94.1%)	3	1	0.168557	1265	2
2018-08-21-3602	pfama1.000	124	0.6157637694432925	7545(94.1%)	3	2	0.16588200000000003	1255	2
2018-08-21-3614	pfama1.002	95	1	54720(87.2%)	1	0	1	54720	2
2018-08-21-3616	pfama1.002	95	1	47311(89.7%)	1	0	1	47004	2
2018-08-22-3629	pfama1.003	69	1	59973(97.9%)	1	0	1	59973	2
2018-08-27-3122	pfama1.003	69	0.3988755797766005	30040(59.6%)	2	0	0.78522	23025	2
2018-08-27-3122	pfama1.001	107	0.6011244202233995	30040(59.6%)	2	1	0.21478000000000003	7015	2
2018-08-27-3202	pfama1.022	19	1	63359(87%)	1	0	1	63359	2
2018-08-27-3205	pfama1.026	14	0.42424242424242425	46986(90.2%)	2	0	0.9817468137609076	45803	2
2018-08-27-3205	pfama1.022	19	0.5757575757575758	46986(90.2%)	2	1	0.01825318623909242	859	2
2018-08-27-3659	pfama1.013	39	0.629032563579839	67462(89.7%)	2	0	0.742923	51659	2
2018-08-27-3659	pfama1.018	23	0.37096743642016083	67462(89.7%)	2	1	0.257077	15803	2
2018-08-28-3699	pfama1.043	3	1	16446(26.6%)	1	0	1	16446	2
2018-08-29-3713	pfama1.016	24	1	44040(88.3%)	1	0	1	43432	1
2018-08-29-3714	pfama1.008	50	1	41413(70.6%)	1	0	1	41413	2
2018-08-29-3720	pfama1.000	124	1	43593(66%)	1	0	1	43593	2
2018-08-29-3728	pfama1.006	54	1	67907(90.4%)	1	0	1	67907	2
2018-09-01-3769	pfama1.003	69	0.3988755797766005	48564(83.5%)	2	0	0.798233	38778	2
2018-09-01-3769	pfama1.001	107	0.6011244202233995	48564(83.5%)	2	1	0.201767	9786	2
2018-09-03-3742	pfama1.002	95	1	38344(92.6%)	1	0	1	38344	2
2018-09-03-3766	pfama1.004	63	0.34554948671941976	36918(77.3%)	2	0	0.702091	23965	2
2018-09-03-3766	pfama1.000	124	0.6544505132805802	36918(77.3%)	2	1	0.29790900000000003	12953	2
2018-09-03-3769	pfama1.003	69	0.3988755797766005	40175(81.3%)	2	0	0.547107	21973	2
2018-09-03-3769	pfama1.001	107	0.6011244202233995	40175(81.3%)	2	1	0.45289300000000005	18202	2
2018-09-04-3786	pfama1.001	107	0.6011244202233995	57366(77.3%)	2	0	0.602615	34613	2
2018-09-04-3786	pfama1.003	69	0.3988755797766005	57366(77.3%)	2	1	0.397385	22753	2
2018-09-04-3787	pfama1.004	63	1	69096(93.3%)	1	0	1	69096	2
2018-09-04-3805	pfama1.001	107	1	33941(94.6%)	1	0	1	33368	1
2018-09-04-3816	pfama1.000	124	1	27217(97.6%)	1	0	1	27034	1
2018-09-04-3818	pfama1.007	50	1	45445(92.4%)	1	0	1	45445	2
2018-09-05-3079	pfama1.001	107	1	39520(93.4%)	1	0	1	39160	1
2018-09-05-3081	pfama1.001	107	1	33440(94.2%)	1	0	1	33440	2
2018-09-05-3095	pfama1.005	56	1	58325(93.6%)	1	0	1	58325	2
2018-09-05-3096	pfama1.012	40	0.3669722979042622	39669(83.9%)	3	0	0.6710696039626436	26908	2
2018-09-05-3096	pfama1.019	22	0.2018351342142229	39669(83.9%)	3	1	0.29629126666214	11458	2
2018-09-05-3096	pfama1.011	47	0.4311925678815149	39669(83.9%)	3	2	0.03263912937521644	1303	2
2018-09-05-3315	pfama1.024	18	0.18556729114675002	53911(92%)	3	0	0.8291433316573327	44701	2
2018-09-05-3315	pfama1.014	39	0.4020617074503263	53911(92%)	3	1	0.1600510640204256	8631	2
2018-09-05-3315	pfama1.012	40	0.4123710014029236	53911(92%)	3	2	0.010805604322241728	579	2
2018-09-05-3364	pfama1.017	23	1	64803(94.1%)	1	0	1	64803	2
2018-09-05-3506	pfama1.008	50	0.6944441329477117	42166(86.2%)	2	0	0.725367	29957	2
2018-09-05-3506	pfama1.019	22	0.30555586705228827	42166(86.2%)	2	1	0.274633	12209	2
2018-09-05-3510	pfama1.011	47	1	37394(89%)	1	0	1	37394	2
2018-09-10-3164	pfama1.011	47	1	65409(88.3%)	1	0	1	65409	2
2018-09-11-3285	pfama1.023	19	0.11585371038810205	40934(89.7%)	3	0	0.9730219610791215	39831	2
2018-09-11-3285	pfama1.008	50	0.3048777376713877	40934(89.7%)	3	1	0.017199099312036028	714	2
2018-09-11-3527	pfama1.002	95	1	35170(89.7%)	1	0	1	35170	2
2018-09-17-3429	pfama1.001	107	1	37781(94.3%)	1	0	1	37781	2
2018-09-17-3542	pfama1.025	17	0.3863642808884737	45215(78.1%)	2	0	0.800918	37600	2
2018-09-17-3542	pfama1.015	27	0.6136357191115263	45215(78.1%)	2	1	0.19908199999999998	7615	2
2018-09-17-3546	pfama1.007	50	1	64023(88.8%)	1	0	1	64023	2
2018-09-17-3570	pfama1.000	124	1	55978(91.2%)	1	0	1	55978	2
2018-09-18-3578	pfama1.021	21	0.07777784120982678	30641(84.6%)	5	0	0.7612619238738075	23471	2
2018-09-18-3578	pfama1.000	124	0.4629633405346832	30641(84.6%)	5	1	0.12405598759440123	3711	2
2018-09-18-3578	pfama1.016	24	0.08888868953102058	30641(84.6%)	5	2	0.05578589442141056	1724	2
2018-09-18-3578	pfama1.009	50	0.18518506436223467	30641(84.6%)	5	3	0.04358559564144043	1277	2
2018-09-18-3578	pfama1.007	50	0.18518506436223467	30641(84.6%)	5	4	0.01531059846894015	458	2
2018-09-18-3580	pfama1.005	56	1	38132(94.4%)	1	0	1	37835	1
2018-09-18-3597	pfama1.012	40	1	47371(96.3%)	1	0	1	47371	2
2018-09-18-3602	pfama1.020	22	0.07508538066134597	52901(68.3%)	5	0	0.31456300000000004	16321	2
2018-09-18-3602	pfama1.000	124	0.4266214810303748	52901(68.3%)	5	1	0.270869	14768	2
2018-09-18-3602	pfama1.005	56	0.19112617298987505	52901(68.3%)	5	2	0.238317	13133	2
2018-09-18-3602	pfama1.003	69	0.2423205002017872	52901(68.3%)	5	3	0.10837100000000001	5598	2
2018-09-18-3602	pfama1.023	19	0.06484646511661696	52901(68.3%)	5	4	0.06788	3081	2
2018-09-18-3614	pfama1.002	95	1	38753(57.2%)	1	0	1	38753	2
2018-09-19-3629	pfama1.003	69	1	45340(92.5%)	1	0	1	45340	2
2018-09-24-3122	pfama1.001	107	1	51202(93.2%)	1	0	1	51202	2
2018-09-24-3190	pfama1.001	107	1	72976(94.4%)	1	0	1	72976	2
2018-09-24-3205	pfama1.026	14	0.42424242424242425	43916(94%)	2	0	0.9795852938755881	43020	2
2018-09-24-3205	pfama1.022	19	0.5757575757575758	43916(94%)	2	1	0.020414706124411836	896	2
2018-09-24-3659	pfama1.018	23	0.37096743642016083	33047(95.2%)	2	0	0.9773369022663099	32430	2
2018-09-24-3659	pfama1.013	39	0.629032563579839	33047(95.2%)	2	1	0.022663097733690223	617	2
2018-09-25-3672	pfama1.025	17	1	34631(91.6%)	1	0	1	34181	1
2018-09-26-3713	pfama1.016	24	1	69202(92.7%)	1	0	1	69202	2
2018-09-26-3714	pfama1.008	50	1	36862(92%)	1	0	1	36606	1
2018-09-26-3728	pfama1.006	54	1	71921(92.6%)	1	0	1	71921	2
2018-10-01-3744	pfama1.013	39	0.2867643209454774	40967(89.8%)	3	0	0.8236642388626292	33726	2
2018-10-01-3744	pfama1.002	95	0.6985297887647387	40967(89.8%)	3	1	0.16713904847032407	6860	2
2018-10-01-3766	pfama1.004	63	0.34554948671941976	37099(90.7%)	2	0	0.9045166381933447	33522	2
2018-10-01-3766	pfama1.000	124	0.6544505132805802	37099(90.7%)	2	1	0.09548336180665527	3577	2
2018-10-01-3777	pfama1.007	50	1	40236(96.7%)	1	0	1	40236	1
2018-10-02-3786	pfama1.003	69	0.3988755797766005	44831(61.5%)	2	0	0.563218	25984	2
2018-10-02-3786	pfama1.001	107	0.6011244202233995	44831(61.5%)	2	1	0.43678199999999995	18847	2
2018-10-02-3787	pfama1.004	63	1	24729(97.6%)	1	0	1	24729	1
2018-10-02-3816	pfama1.000	124	1	69662(95.1%)	1	0	1	69662	2
2018-10-03-3095	pfama1.005	56	1	75991(96.1%)	1	0	1	75991	2
2018-10-03-3096	pfama1.012	40	0.24844708887005512	54363(76.8%)	4	0	0.560045	31506	2
2018-10-03-3096	pfama1.019	22	0.13664614962381366	54363(76.8%)	4	1	0.342514	17882	2
2018-10-03-3096	pfama1.010	49	0.30434778644343347	54363(76.8%)	4	2	0.0776882	3999	2
2018-10-03-3096	pfama1.009	50	0.31055897506269764	54363(76.8%)	4	3	0.019752799999999997	976	2
2018-10-03-3315	pfama1.014	39	0.48749997706249454	61526(83.8%)	3	0	0.8194810819481081	49959	2
2018-10-03-3315	pfama1.012	40	0.5	61526(83.8%)	3	1	0.11753301175330118	7549	2
2018-10-03-3315	pfama1.084	1	0.01250002293750539	61526(83.8%)	3	2	0.06298590629859063	4018	2
2018-10-03-3364	pfama1.017	23	1	59976(92%)	1	0	1	59976	2
2018-10-03-3506	pfama1.019	22	0.30555586705228827	43841(91.3%)	2	0	0.9284177214746835	40707	2
2018-10-03-3506	pfama1.008	50	0.6944441329477117	43841(91.3%)	2	1	0.07158227852531643	3134	2
2018-10-03-3510	pfama1.011	47	1	36908(92.1%)	1	0	1	36407	1
2018-10-03-3805	pfama1.001	107	1	68228(88.7%)	1	0	1	68228	2
2018-10-08-3164	pfama1.000	124	0.7267444961800039	48713(94%)	2	0	0.770321	37475	2
2018-10-08-3164	pfama1.011	47	0.2732555038199961	48713(94%)	2	1	0.229679	11238	2
2018-10-09-3285	pfama1.002	95	0.5792685519405102	33213(73.6%)	3	0	0.6735528652894269	22372	2
2018-10-09-3285	pfama1.008	50	0.30487773767138765	33213(73.6%)	3	1	0.30953593809281243	10279	2
2018-10-09-3285	pfama1.023	19	0.11585371038810204	33213(73.6%)	3	2	0.016911196617760676	562	2
2018-10-15-3429	pfama1.001	107	1	52547(97.2%)	1	0	1	52547	2
2018-10-15-3542	pfama1.015	27	1	66299(91.4%)	1	0	1	66299	2
2018-10-16-3575	pfama1.000	124	1	40495(93.4%)	1	0	1	40495	2
2018-10-16-3578	pfama1.013	39	0.12149529291058897	41339(78.7%)	9	0	0.3306022314215619	13658	2
2018-10-16-3578	pfama1.007	50	0.15576326053318584	41339(78.7%)	9	1	0.22278315594820908	9209	2
2018-10-16-3578	pfama1.021	21	0.0654206654613213	41339(78.7%)	9	2	0.1175880823116576	4862	2
2018-10-16-3578	pfama1.005	56	0.17445487923642047	41339(78.7%)	9	3	0.11556108089275657	4760	2
2018-10-16-3578	pfama1.011	47	0.14641745118156851	41339(78.7%)	9	4	0.10392107274475089	4315	2
2018-10-16-3578	pfama1.016	24	0.07476624615250235	41339(78.7%)	9	5	0.0357226250058375	1477	2
2018-10-16-3578	pfama1.018	23	0.07165097636862988	41339(78.7%)	9	6	0.03275172292620604	1356	2
2018-10-16-3578	pfama1.029	11	0.034267967622596866	41339(78.7%)	9	7	0.022143615500530844	920	2
2018-10-16-3578	pfama1.009	50	0.15576326053318584	41339(78.7%)	9	8	0.018926413248489267	782	2
2018-10-16-3597	pfama1.012	40	1	41977(94.6%)	1	0	1	41977	2
2018-10-16-3602	pfama1.002	95	0.24484549978065148	45622(81.6%)	6	0	0.39923011976903594	18578	2
2018-10-16-3602	pfama1.020	22	0.05670106310709825	45622(81.6%)	6	1	0.3714331114299334	16942	2
2018-10-16-3602	pfama1.000	124	0.322165131290331	45622(81.6%)	6	2	0.12312203693661108	5269	2
2018-10-16-3602	pfama1.005	56	0.14432978964300583	45622(81.6%)	6	3	0.044223713267113975	2029	2
2018-10-16-3602	pfama1.023	19	0.0489690999561303	45622(81.6%)	6	4	0.03266770980031294	1499	2
2018-10-16-3602	pfama1.003	69	0.18298941622278314	45622(81.6%)	6	5	0.029323308796992638	1305	2
2018-10-16-3614	pfama1.002	95	1	38512(96.1%)	1	0	1	37854	1
2018-10-16-3616	pfama1.002	95	1	73512(90.6%)	1	0	1	73512	2
2018-10-17-3629	pfama1.003	69	1	52066(92.7%)	1	0	1	52066	2
2018-10-22-3122	pfama1.018	23	1	66430(91%)	1	0	1	66430	2
2018-10-22-3202	pfama1.022	19	1	70242(90.4%)	1	0	1	70242	2
2018-10-22-3205	pfama1.022	19	0.5757575757575758	46309(89.2%)	2	0	0.682908	34026	2
2018-10-22-3205	pfama1.026	14	0.42424242424242425	46309(89.2%)	2	1	0.317092	12283	2
2018-10-22-3659	pfama1.013	39	0.629032563579839	65938(92.1%)	2	0	0.9263899073610093	61014	2
2018-10-22-3659	pfama1.018	23	0.37096743642016083	65938(92.1%)	2	1	0.07361009263899077	4924	2
2018-10-24-3728	pfama1.006	54	1	38990(93.7%)	1	0	1	38990	2
2018-10-29-3744	pfama1.047	2	0.014705890289783976	32623(78%)	3	0	0.669119	21814	2
2018-10-29-3744	pfama1.013	39	0.2867643209454774	32623(78%)	3	1	0.22940900000000003	7480	2
2018-10-29-3744	pfama1.002	95	0.6985297887647387	32623(78%)	3	2	0.10147200000000002	3329	2
2018-10-29-3766	pfama1.004	63	0.34554948671941976	47240(79.3%)	2	0	0.616314	29036	2
2018-10-29-3766	pfama1.000	124	0.6544505132805802	47240(79.3%)	2	1	0.383686	18204	2
2018-10-29-3777	pfama1.007	50	0.6493509340867799	31463(86.4%)	2	0	0.84243	29588	2
2018-10-29-3777	pfama1.015	27	0.3506490659132202	31463(86.4%)	2	1	0.15757000000000004	1875	2
2018-10-30-3786	pfama1.001	107	0.4692990405537701	51813(92.8%)	3	0	0.88869226660768	46291	2
2018-10-30-3786	pfama1.009	50	0.21929799428317748	51813(92.8%)	3	1	0.06157591847277554	3040	2
2018-10-30-3786	pfama1.003	69	0.31140296516305244	51813(92.8%)	3	2	0.04973181491954448	2482	2
2018-10-30-3787	pfama1.004	63	1	22973(96.5%)	1	0	1	22973	2
2018-10-30-3801	pfama1.004	63	0.18857122281208	36543(88.9%)	5	0	0.716494974311714	25949	2
2018-10-30-3801	pfama1.010	49	0.1399997932220408	36543(88.9%)	5	1	0.1837116940307872	6666	2
2018-10-30-3801	pfama1.001	107	0.30571471155345004	36543(88.9%)	5	2	0.07304850330883197	2645	2
2018-10-30-3801	pfama1.000	124	0.3571428646326413	36543(88.9%)	5	3	0.01564407127757915	566	2
2018-10-30-3801	pfama1.045	3	0.008571407779787934	36543(88.9%)	5	4	0.011100757071087534	401	2
2018-10-31-3096	pfama1.019	22	0.30555586705228827	35025(91.4%)	2	0	0.8205470096918517	28322	1
2018-10-31-3096	pfama1.009	50	0.6944441329477117	35025(91.4%)	2	1	0.1794529903081483	6194	1
2018-10-31-3315	pfama1.010	49	1	38798(89.9%)	1	0	1	38798	2
2018-10-31-3364	pfama1.017	23	1	2975(70%)	1	0	1	2975	2
2018-10-31-3506	pfama1.008	50	1	48658(95.3%)	1	0	1	48658	2
2018-10-31-3510	pfama1.011	47	1	69132(94.9%)	1	0	1	69132	2
2018-10-31-3805	pfama1.001	107	1	5023(96.3%)	1	0	1	4889	1
