s_Sample	h_popUID	h_SampCnt	h_SampFrac	s_ReadCntTotUsed	s_COI	c_clusterID	c_AveragedFrac	c_ReadCnt	c_RepCnt
2017-10-04-3079	pfama1.013	29	0.0509666	20486(95.8%)	1	0	1	20486	2
2017-10-04-3093	pfama1.035	6	0.0105448	26303(97%)	1	0	1	26303	2
2017-10-04-3096	pfama1.030	9	0.0158172	70337(98.5%)	5	0	0.559982	39339	2
2017-10-04-3096	pfama1.010	34	0.059754	70337(98.5%)	5	1	0.321995	22668	2
2017-10-04-3096	pfama1.024	12	0.0210896	70337(98.5%)	5	2	0.0518509	3635	2
2017-10-04-3096	pfama1.012	30	0.0527241	70337(98.5%)	5	3	0.0501231	3540	2
2017-10-04-3096	pfama1.015	22	0.0386643	70337(98.5%)	5	4	0.0160496	1155	2
2017-10-04-3313	pfama1.003	55	0.0966608	24645(97%)	1	0	1	24645	2
2017-10-04-3315	pfama1.021	14	0.0246046	38549(85.6%)	3	0	0.638905	24896	2
2017-10-04-3315	pfama1.010	34	0.059754	38549(85.6%)	3	1	0.245068	9385	2
2017-10-04-3315	pfama1.007	37	0.0650264	38549(85.6%)	3	2	0.116028	4268	2
2017-10-04-3364	pfama1.017	20	0.0351494	9274(99.1%)	1	0	1	9274	2
2017-10-04-3510	pfama1.024	12	0.0210896	62120(72.5%)	1	0	1	62120	3
2017-10-09-3001	pfama1.003	55	0.0966608	93965(91.4%)	1	0	1	93965	2
2017-10-09-3162	pfama1.047	2	0.00351494	10946(88%)	4	0	0.982459	10754	1
2017-10-09-3162	pfama1.235	1	0.00175747	10946(88%)	4	1	0.00584688	64	1
2017-10-09-3162	pfama1.234	1	0.00175747	10946(88%)	4	2	0.00584688	64	1
2017-10-09-3162	pfama1.233	1	0.00175747	10946(88%)	4	3	0.00584688	64	1
2017-10-09-3163	pfama1.002	70	0.123023	104185(95.6%)	3	0	0.595148	62030	2
2017-10-09-3163	pfama1.000	90	0.158172	104185(95.6%)	3	1	0.348147	36207	2
2017-10-09-3163	pfama1.015	22	0.0386643	104185(95.6%)	3	2	0.0567045	5948	2
2017-10-09-3164	pfama1.000	90	0.158172	52493(97.4%)	2	0	0.893264	46953	2
2017-10-09-3164	pfama1.014	29	0.0509666	52493(97.4%)	2	1	0.106736	5540	2
2017-10-10-3284	pfama1.013	29	0.0509666	40673(80.3%)	2	0	0.733024	29830	2
2017-10-10-3284	pfama1.010	34	0.059754	40673(80.3%)	2	1	0.266976	10843	2
2017-10-10-3285	pfama1.010	34	0.059754	70394(97.4%)	5	0	0.641831	45168	2
2017-10-10-3285	pfama1.001	72	0.126538	70394(97.4%)	5	1	0.259508	18277	2
2017-10-10-3285	pfama1.040	4	0.00702988	70394(97.4%)	5	2	0.0434652	3062	2
2017-10-10-3285	pfama1.008	36	0.0632689	70394(97.4%)	5	3	0.0276296	1947	2
2017-10-10-3285	pfama1.028	10	0.0175747	70394(97.4%)	5	4	0.0275663	1940	2
2017-10-10-3523	pfama1.004	53	0.0931459	56906(94.9%)	1	0	1	56906	2
2017-10-11-3236	pfama1.014	29	0.0509666	71121(89.4%)	1	0	1	71121	2
2017-10-11-3336	pfama1.063	1	0.00175747	4(100%)	1	0	1	4	1
2017-10-11-3529	pfama1.017	20	0.0351494	10550(87.2%)	6	0	0.946066	9981	1
2017-10-11-3529	pfama1.093	1	0.00175747	10550(87.2%)	6	1	0.0272986	288	1
2017-10-11-3529	pfama1.180	1	0.00175747	10550(87.2%)	6	2	0.00739336	78	1
2017-10-11-3529	pfama1.185	1	0.00175747	10550(87.2%)	6	3	0.00729858	77	1
2017-10-11-3529	pfama1.221	1	0.00175747	10550(87.2%)	6	4	0.00616114	65	1
2017-10-11-3529	pfama1.237	1	0.00175747	10550(87.2%)	6	5	0.00578199	61	1
2017-10-11-3530	pfama1.019	15	0.026362	44204(93.8%)	1	0	1	44204	2
2017-10-16-3540	pfama1.010	34	0.059754	60029(98.3%)	1	0	1	60029	2
2017-10-16-3541	pfama1.008	36	0.0632689	42587(92.7%)	1	0	1	42587	2
2017-10-16-3542	pfama1.001	72	0.126538	48118(97.7%)	5	0	0.787035	38004	2
2017-10-16-3542	pfama1.010	34	0.059754	48118(97.7%)	5	1	0.144404	6804	2
2017-10-16-3542	pfama1.016	22	0.0386643	48118(97.7%)	5	2	0.0506719	2397	2
2017-10-16-3542	pfama1.000	90	0.158172	48118(97.7%)	5	3	0.00966929	495	2
2017-10-16-3542	pfama1.011	30	0.0527241	48118(97.7%)	5	4	0.00821958	418	2
2017-10-16-3546	pfama1.009	35	0.0615114	45837(96.7%)	1	0	1	45837	2
2017-10-16-3547	pfama1.006	38	0.0667838	29111(80.2%)	2	0	0.993123	28914	2
2017-10-16-3547	pfama1.056	2	0.00351494	29111(80.2%)	2	1	0.00687711	197	2
2017-10-16-3549	pfama1.009	35	0.0615114	46591(91.9%)	1	0	1	46591	2
2017-10-16-3557	pfama1.022	13	0.0228471	47808(95.5%)	1	0	1	47808	2
2017-10-17-3575	pfama1.000	90	0.158172	14129(84.8%)	5	0	0.793616	11213	1
2017-10-17-3575	pfama1.068	1	0.00175747	14129(84.8%)	5	1	0.156699	2214	1
2017-10-17-3575	pfama1.091	1	0.00175747	14129(84.8%)	5	2	0.0285229	403	1
2017-10-17-3575	pfama1.113	1	0.00175747	14129(84.8%)	5	3	0.0144384	204	1
2017-10-17-3575	pfama1.205	1	0.00175747	14129(84.8%)	5	4	0.00672376	95	1
2017-10-17-3577	pfama1.000	90	0.158172	43734(94.3%)	1	0	1	43734	2
2017-10-17-3578	pfama1.012	30	0.0527241	36851(77.2%)	9	0	0.331179	11874	2
2017-10-17-3578	pfama1.039	4	0.00702988	36851(77.2%)	9	1	0.218144	8027	2
2017-10-17-3578	pfama1.014	29	0.0509666	36851(77.2%)	9	2	0.173125	6761	2
2017-10-17-3578	pfama1.005	49	0.086116	36851(77.2%)	9	3	0.0638772	2140	2
2017-10-17-3578	pfama1.038	5	0.00878735	36851(77.2%)	9	4	0.0634907	2420	2
2017-10-17-3578	pfama1.023	13	0.0228471	36851(77.2%)	9	5	0.061362	2198	2
2017-10-17-3578	pfama1.006	38	0.0667838	36851(77.2%)	9	6	0.0537154	1970	2
2017-10-17-3578	pfama1.013	29	0.0509666	36851(77.2%)	9	7	0.0248598	1053	2
2017-10-17-3578	pfama1.018	16	0.0281195	36851(77.2%)	9	8	0.0102467	408	2
2017-10-17-3579	pfama1.029	9	0.0158172	78912(89.9%)	1	0	1	78912	2
2017-10-17-3580	pfama1.010	34	0.059754	54369(94.3%)	2	0	0.986624	53618	2
2017-10-17-3580	pfama1.006	38	0.0667838	54369(94.3%)	2	1	0.0133756	751	2
2017-10-17-3595	pfama1.002	70	0.123023	11716(81.5%)	5	0	0.879822	10308	1
2017-10-17-3595	pfama1.072	1	0.00175747	11716(81.5%)	5	1	0.0770741	903	1
2017-10-17-3595	pfama1.095	1	0.00175747	11716(81.5%)	5	2	0.0235575	276	1
2017-10-17-3595	pfama1.041	4	0.00702988	11716(81.5%)	5	3	0.0116081	136	1
2017-10-17-3595	pfama1.052	2	0.00351494	11716(81.5%)	5	4	0.00793786	93	1
2017-10-17-3602	pfama1.019	15	0.026362	57590(97.4%)	5	0	0.821511	46680	2
2017-10-17-3602	pfama1.005	49	0.086116	57590(97.4%)	5	1	0.107886	6883	2
2017-10-17-3602	pfama1.028	10	0.0175747	57590(97.4%)	5	2	0.0305353	1842	2
2017-10-17-3602	pfama1.000	90	0.158172	57590(97.4%)	5	3	0.0268049	1521	2
2017-10-17-3602	pfama1.006	38	0.0667838	57590(97.4%)	5	4	0.013263	664	2
2017-10-17-3604	pfama1.011	30	0.0527241	41548(67.5%)	4	0	0.3381	23462	2
2017-10-17-3604	pfama1.006	38	0.0667838	41548(67.5%)	4	1	0.320759	9349	2
2017-10-17-3604	pfama1.019	15	0.026362	41548(67.5%)	4	2	0.235079	6844	2
2017-10-17-3604	pfama1.009	35	0.0615114	41548(67.5%)	4	3	0.106062	1893	2
2017-10-17-3612	pfama1.012	30	0.0527241	145498(95.7%)	4	0	0.943133	137167	2
2017-10-17-3612	pfama1.002	70	0.123023	145498(95.7%)	4	1	0.0263349	3879	2
2017-10-17-3612	pfama1.000	90	0.158172	145498(95.7%)	4	2	0.0240086	3508	2
2017-10-17-3612	pfama1.005	49	0.086116	145498(95.7%)	4	3	0.00652378	944	2
2017-10-17-3614	pfama1.002	70	0.123023	39558(86.4%)	2	0	0.959089	37963	2
2017-10-17-3614	pfama1.039	4	0.00702988	39558(86.4%)	2	1	0.0409115	1595	2
2017-10-17-3615	pfama1.005	49	0.086116	52094(96%)	1	0	1	52094	2
2017-10-17-3616	pfama1.002	70	0.123023	45899(95.5%)	1	0	1	45899	2
2017-10-17-3617	pfama1.006	38	0.0667838	59227(95.4%)	1	0	1	59227	2
2017-10-18-3627	pfama1.010	34	0.059754	10977(83.4%)	5	0	0.967113	10616	1
2017-10-18-3627	pfama1.116	1	0.00175747	10977(83.4%)	5	1	0.0133005	146	1
2017-10-18-3627	pfama1.200	1	0.00175747	10977(83.4%)	5	2	0.00683247	75	1
2017-10-18-3627	pfama1.201	1	0.00175747	10977(83.4%)	5	3	0.00683247	75	1
2017-10-18-3627	pfama1.230	1	0.00175747	10977(83.4%)	5	4	0.00592147	65	1
2017-10-18-3630	pfama1.007	37	0.0650264	54680(96.3%)	1	0	1	54680	2
2017-10-18-3642	pfama1.002	70	0.123023	70052(92.2%)	1	0	1	70052	3
2017-10-23-3122	pfama1.001	72	0.126538	26834(84%)	1	0	1	26834	2
2017-10-23-3154	pfama1.000	90	0.158172	124119(98.4%)	1	0	1	124119	2
2017-10-23-3190	pfama1.001	72	0.126538	44041(93.1%)	1	0	1	44041	2
2017-10-23-3202	pfama1.025	12	0.0210896	35434(81.4%)	3	0	0.570189	20323	2
2017-10-23-3202	pfama1.027	11	0.0193322	35434(81.4%)	3	1	0.310949	10978	2
2017-10-23-3202	pfama1.030	9	0.0158172	35434(81.4%)	3	2	0.118863	4133	2
2017-10-23-3205	pfama1.027	11	0.0193322	54222(92.2%)	2	0	0.767131	41506	2
2017-10-23-3205	pfama1.025	12	0.0210896	54222(92.2%)	2	1	0.232869	12716	2
2017-10-23-3649	pfama1.000	90	0.158172	350(84.7%)	1	0	1	350	2
2017-10-23-3659	pfama1.016	22	0.0386643	63168(75.6%)	2	0	0.533602	34062	2
2017-10-23-3659	pfama1.013	29	0.0509666	63168(75.6%)	2	1	0.466398	29106	2
2017-10-23-3665	pfama1.002	70	0.123023	71529(94.1%)	1	0	1	71529	2
2017-10-24-3672	pfama1.026	12	0.0210896	11(100%)	1	0	1	11	1
2017-10-24-3673	pfama1.009	35	0.0615114	34716(75.1%)	2	0	0.687166	23422	2
2017-10-24-3673	pfama1.005	49	0.086116	34716(75.1%)	2	1	0.312834	11294	2
2017-10-24-3677	pfama1.002	70	0.123023	36293(85%)	3	0	0.621633	22562	2
2017-10-24-3677	pfama1.021	14	0.0246046	36293(85%)	3	1	0.254805	9247	2
2017-10-24-3677	pfama1.011	30	0.0527241	36293(85%)	3	2	0.123562	4484	2
2017-10-24-3684	pfama1.011	30	0.0527241	25054(89.2%)	1	0	1	25054	3
2017-10-24-3685	pfama1.023	13	0.0228471	2782(97%)	2	0	0.891935	2477	2
2017-10-24-3685	pfama1.031	9	0.0158172	2782(97%)	2	1	0.108065	305	2
2017-10-25-3708	pfama1.005	49	0.086116	125585(98.4%)	1	0	1	125585	2
2017-10-25-3709	pfama1.015	22	0.0386643	20229(98.9%)	1	0	1	20229	2
2017-10-25-3713	pfama1.018	16	0.0281195	25537(94.7%)	1	0	1	25537	4
2017-10-25-3714	pfama1.004	53	0.0931459	30255(97.7%)	2	0	0.989931	29927	2
2017-10-25-3714	pfama1.008	36	0.0632689	30255(97.7%)	2	1	0.0100686	328	2
2017-10-25-3718	pfama1.012	30	0.0527241	92908(91.5%)	1	0	1	92908	2
2017-10-25-3719	pfama1.005	49	0.086116	89326(98%)	2	0	0.859664	77938	2
2017-10-25-3719	pfama1.017	20	0.0351494	89326(98%)	2	1	0.140336	11388	2
2017-10-25-3720	pfama1.010	34	0.059754	112486(97.9%)	3	0	0.45944	51605	2
2017-10-25-3720	pfama1.017	20	0.0351494	112486(97.9%)	3	1	0.457589	51512	2
2017-10-25-3720	pfama1.001	72	0.126538	112486(97.9%)	3	2	0.0829709	9369	2
2017-10-25-3728	pfama1.004	53	0.0931459	50928(89.9%)	1	0	1	50928	4
2017-10-30-3746	pfama1.012	30	0.0527241	70041(89.5%)	2	0	0.826212	57854	2
2017-10-30-3746	pfama1.002	70	0.123023	70041(89.5%)	2	1	0.173788	12187	2
2017-10-30-3747	pfama1.001	72	0.126538	51636(90.7%)	1	0	1	51636	2
2017-10-30-3761	pfama1.006	38	0.0667838	193315(98.7%)	1	0	1	193315	2
2017-10-30-3762	pfama1.007	37	0.0650264	15123(81.7%)	7	0	0.940819	14228	1
2017-10-30-3762	pfama1.102	1	0.00175747	15123(81.7%)	7	1	0.0199696	302	1
2017-10-30-3762	pfama1.161	1	0.00175747	15123(81.7%)	7	2	0.00826556	125	1
2017-10-30-3762	pfama1.165	1	0.00175747	15123(81.7%)	7	3	0.00800106	121	1
2017-10-30-3762	pfama1.171	1	0.00175747	15123(81.7%)	7	4	0.00773656	117	1
2017-10-30-3762	pfama1.172	1	0.00175747	15123(81.7%)	7	5	0.00767044	116	1
2017-10-30-3762	pfama1.175	1	0.00175747	15123(81.7%)	7	6	0.00753819	114	1
2017-10-30-3766	pfama1.003	55	0.0966608	39266(94.7%)	1	0	1	39266	2
2017-10-30-3773	pfama1.003	55	0.0966608	146600(81.7%)	2	0	0.723303	106351	2
2017-10-30-3773	pfama1.007	37	0.0650264	146600(81.7%)	2	1	0.276697	40249	2
2017-10-30-3777	pfama1.006	38	0.0667838	39214(85%)	1	0	1	39214	2
2017-10-31-3785	pfama1.033	7	0.0123023	79561(89.7%)	1	0	1	79561	2
2017-10-31-3786	pfama1.003	55	0.0966608	29499(98.3%)	5	0	0.683628	20173	2
2017-10-31-3786	pfama1.001	72	0.126538	29499(98.3%)	5	1	0.169673	4991	2
2017-10-31-3786	pfama1.007	37	0.0650264	29499(98.3%)	5	2	0.0785999	2317	2
2017-10-31-3786	pfama1.004	53	0.0931459	29499(98.3%)	5	3	0.043571	1295	2
2017-10-31-3786	pfama1.005	49	0.086116	29499(98.3%)	5	4	0.0245278	723	2
2017-10-31-3787	pfama1.003	55	0.0966608	75820(89.4%)	1	0	1	75820	2
2017-10-31-3805	pfama1.001	72	0.126538	37907(96.7%)	1	0	1	37907	2
2017-10-31-3816	pfama1.000	90	0.158172	13100(98%)	1	0	1	13100	2
2017-10-31-3818	pfama1.009	35	0.0615114	45025(98.6%)	1	0	1	45025	2
2017-11-01-3079	pfama1.013	29	0.0509666	59388(96.3%)	1	0	1	59388	2
2017-11-01-3093	pfama1.035	6	0.0105448	61649(86.5%)	1	0	1	61649	3
2017-11-01-3096	pfama1.010	34	0.059754	9069(98.8%)	5	0	0.508215	4609	1
2017-11-01-3096	pfama1.030	9	0.0158172	9069(98.8%)	5	1	0.413607	3751	1
2017-11-01-3096	pfama1.015	22	0.0386643	9069(98.8%)	5	2	0.0309847	281	1
2017-11-01-3096	pfama1.012	30	0.0527241	9069(98.8%)	5	3	0.0292204	265	1
2017-11-01-3096	pfama1.014	29	0.0509666	9069(98.8%)	5	4	0.0179733	163	1
2017-11-01-3313	pfama1.003	55	0.0966608	10334(93.8%)	1	0	1	10334	2
2017-11-01-3364	pfama1.017	20	0.0351494	73308(93.6%)	1	0	1	73308	2
2017-11-01-3505	pfama1.032	7	0.0123023	5757(87.4%)	1	0	1	5757	4
2017-11-01-3510	pfama1.024	12	0.0210896	33953(88.7%)	1	0	1	33953	2
2017-11-01-3773	pfama1.007	37	0.0650264	128842(80.3%)	2	0	0.504687	65042	2
2017-11-01-3773	pfama1.003	55	0.0966608	128842(80.3%)	2	1	0.495313	63800	2
2017-11-06-3001	pfama1.003	55	0.0966608	18724(84.8%)	1	0	1	18724	2
2017-11-06-3055	pfama1.003	55	0.0966608	29(85.3%)	1	0	1	29	1
2017-11-06-3162	pfama1.047	2	0.00351494	15071(86.2%)	1	0	1	15071	2
2017-11-06-3163	pfama1.002	70	0.123023	77350(98.3%)	1	0	1	77350	2
2017-11-06-3164	pfama1.014	29	0.0509666	83274(99.4%)	2	0	0.951412	78996	2
2017-11-06-3164	pfama1.000	90	0.158172	83274(99.4%)	2	1	0.0485877	4278	2
2017-11-07-3284	pfama1.010	34	0.059754	35375(97%)	2	0	0.932424	32305	2
2017-11-07-3284	pfama1.028	10	0.0175747	35375(97%)	2	1	0.0675764	3070	2
2017-11-07-3285	pfama1.008	36	0.0632689	29(96.7%)	2	0	0.62069	18	1
2017-11-07-3285	pfama1.010	34	0.059754	29(96.7%)	2	1	0.37931	11	1
2017-11-07-3523	pfama1.004	53	0.0931459	30387(97.3%)	1	0	1	30387	2
2017-11-07-3527	pfama1.002	70	0.123023	657(83.7%)	1	0	1	657	4
2017-11-08-3336	pfama1.005	49	0.086116	18775(96%)	1	0	1	18775	4
2017-11-08-3529	pfama1.017	20	0.0351494	355(81.6%)	1	0	1	355	4
2017-11-13-3541	pfama1.008	36	0.0632689	66959(93.8%)	1	0	1	66959	2
2017-11-13-3542	pfama1.000	90	0.158172	94(83.2%)	2	0	0.580483	54	2
2017-11-13-3542	pfama1.026	12	0.0210896	94(83.2%)	2	1	0.419517	40	2
2017-11-13-3547	pfama1.006	38	0.0667838	31579(95%)	1	0	1	31579	2
2017-11-13-3557	pfama1.022	13	0.0228471	119407(99.5%)	1	0	1	119407	2
2017-11-13-3602	pfama1.000	90	0.158172	5055(96.2%)	7	0	0.348309	1745	2
2017-11-13-3602	pfama1.019	15	0.026362	5055(96.2%)	7	1	0.316032	1590	2
2017-11-13-3602	pfama1.022	13	0.0228471	5055(96.2%)	7	2	0.130212	652	2
2017-11-13-3602	pfama1.006	38	0.0667838	5055(96.2%)	7	3	0.129837	680	2
2017-11-13-3602	pfama1.028	10	0.0175747	5055(96.2%)	7	4	0.0332024	173	2
2017-11-13-3602	pfama1.002	70	0.123023	5055(96.2%)	7	5	0.0222352	112	2
2017-11-13-3602	pfama1.005	49	0.086116	5055(96.2%)	7	6	0.0201722	103	2
2017-11-13-3604	pfama1.014	29	0.0509666	4366(52.8%)	3	0	0.512869	1864	2
2017-11-13-3604	pfama1.009	35	0.0615114	4366(52.8%)	3	1	0.340667	1806	2
2017-11-13-3604	pfama1.001	72	0.126538	4366(52.8%)	3	2	0.146464	696	2
2017-11-13-3719	pfama1.017	20	0.0351494	44534(99.2%)	2	0	0.957328	42394	2
2017-11-13-3719	pfama1.005	49	0.086116	44534(99.2%)	2	1	0.0426723	2140	2
2017-11-14-3578	pfama1.022	13	0.0228471	4084(95%)	8	0	0.333149	1353	2
2017-11-14-3578	pfama1.013	29	0.0509666	4084(95%)	8	1	0.207364	860	2
2017-11-14-3578	pfama1.012	30	0.0527241	4084(95%)	8	2	0.194251	792	2
2017-11-14-3578	pfama1.038	5	0.00878735	4084(95%)	8	3	0.111269	447	2
2017-11-14-3578	pfama1.018	16	0.0281195	4084(95%)	8	4	0.0734984	299	2
2017-11-14-3578	pfama1.014	29	0.0509666	4084(95%)	8	5	0.0496206	205	2
2017-11-14-3578	pfama1.008	36	0.0632689	4084(95%)	8	6	0.0195558	80	2
2017-11-14-3578	pfama1.006	38	0.0667838	4084(95%)	8	7	0.0112922	48	2
2017-11-14-3579	pfama1.029	9	0.0158172	9454(97.4%)	1	0	1	9454	2
2017-11-14-3580	pfama1.006	38	0.0667838	68325(90.9%)	1	0	1	68325	2
2017-11-14-3612	pfama1.012	30	0.0527241	35002(68.3%)	2	0	0.540348	18924	2
2017-11-14-3612	pfama1.000	90	0.158172	35002(68.3%)	2	1	0.459652	16078	2
2017-11-14-3614	pfama1.002	70	0.123023	1273(93.4%)	1	0	1	1273	2
2017-11-14-3615	pfama1.005	49	0.086116	1621(94.9%)	1	0	1	1621	2
2017-11-14-3616	pfama1.002	70	0.123023	20759(99.2%)	1	0	1	20759	2
2017-11-14-3617	pfama1.006	38	0.0667838	4649(97.1%)	1	0	1	4649	2
2017-11-15-3627	pfama1.010	34	0.059754	49822(93%)	1	0	1	49822	2
2017-11-15-3630	pfama1.007	37	0.0650264	15786(99.1%)	1	0	1	15786	2
2017-11-15-3642	pfama1.002	70	0.123023	20003(95.1%)	1	0	1	20003	2
2017-11-17-3779	pfama1.012	30	0.0527241	201966(99%)	1	0	1	201966	2
2017-11-20-3154	pfama1.000	90	0.158172	98726(98.1%)	1	0	1	98726	2
2017-11-20-3190	pfama1.001	72	0.126538	43552(97.5%)	1	0	1	43552	2
2017-11-20-3202	pfama1.027	11	0.0193322	510(92.1%)	2	0	0.771226	394	2
2017-11-20-3202	pfama1.025	12	0.0210896	510(92.1%)	2	1	0.228774	116	2
2017-11-20-3205	pfama1.027	11	0.0193322	15690(66.5%)	2	0	0.76737	12003	2
2017-11-20-3205	pfama1.000	90	0.158172	15690(66.5%)	2	1	0.23263	3687	2
2017-11-20-3649	pfama1.000	90	0.158172	32218(69.1%)	1	0	1	32218	2
2017-11-20-3659	pfama1.016	22	0.0386643	8379(98.7%)	1	0	1	8379	2
2017-11-20-3661	pfama1.006	38	0.0667838	377873(78.2%)	1	0	1	377873	3
2017-11-20-3665	pfama1.002	70	0.123023	122188(98.4%)	1	0	1	122188	2
2017-11-21-3672	pfama1.026	12	0.0210896	39262(96.6%)	2	0	0.95777	37604	2
2017-11-21-3672	pfama1.003	55	0.0966608	39262(96.6%)	2	1	0.0422305	1658	2
2017-11-21-3673	pfama1.005	49	0.086116	48343(94.2%)	1	0	1	48343	2
2017-11-21-3677	pfama1.011	30	0.0527241	163(90.6%)	3	0	0.551149	89	2
2017-11-21-3677	pfama1.009	35	0.0615114	163(90.6%)	3	1	0.322742	54	2
2017-11-21-3677	pfama1.021	14	0.0246046	163(90.6%)	3	2	0.126108	20	2
2017-11-21-3685	pfama1.031	9	0.0158172	26131(88.6%)	2	0	0.771062	20973	2
2017-11-21-3685	pfama1.023	13	0.0228471	26131(88.6%)	2	1	0.228938	5158	2
2017-11-22-3708	pfama1.005	49	0.086116	152795(98.7%)	1	0	1	152795	2
2017-11-22-3709	pfama1.015	22	0.0386643	70296(95.7%)	1	0	1	70296	2
2017-11-22-3713	pfama1.018	16	0.0281195	59681(95.7%)	1	0	1	59681	2
2017-11-22-3714	pfama1.008	36	0.0632689	10434(97.2%)	2	0	0.835495	8957	2
2017-11-22-3714	pfama1.004	53	0.0931459	10434(97.2%)	2	1	0.164505	1477	2
2017-11-22-3719	pfama1.017	20	0.0351494	21284(93.2%)	1	0	1	21284	2
2017-11-22-3720	pfama1.001	72	0.126538	41802(91.7%)	2	0	0.663215	28706	2
2017-11-22-3720	pfama1.017	20	0.0351494	41802(91.7%)	2	1	0.336785	13096	2
2017-11-22-3728	pfama1.004	53	0.0931459	48475(92.9%)	1	0	1	48475	2
2017-11-27-3746	pfama1.002	70	0.123023	28580(95.2%)	2	0	0.711447	20407	2
2017-11-27-3746	pfama1.012	30	0.0527241	28580(95.2%)	2	1	0.288553	8173	2
2017-11-27-3747	pfama1.001	72	0.126538	8600(97.7%)	1	0	1	8600	2
2017-11-27-3758	pfama1.019	15	0.026362	77539(86.5%)	1	0	1	77539	3
2017-11-27-3761	pfama1.006	38	0.0667838	7545(98.5%)	1	0	1	7545	2
2017-11-27-3766	pfama1.000	90	0.158172	46873(87.6%)	2	0	0.542683	24854	2
2017-11-27-3766	pfama1.003	55	0.0966608	46873(87.6%)	2	1	0.457317	22019	2
2017-11-27-3773	pfama1.015	22	0.0386643	42730(91.7%)	1	0	1	42730	2
2017-11-27-3777	pfama1.006	38	0.0667838	36167(79%)	3	0	0.472778	16785	2
2017-11-27-3777	pfama1.040	4	0.00702988	36167(79%)	3	1	0.385861	13424	2
2017-11-27-3777	pfama1.013	29	0.0509666	36167(79%)	3	2	0.141361	5958	2
2017-11-27-3779	pfama1.012	30	0.0527241	80097(80.9%)	1	0	1	80097	3
2017-11-28-3783	pfama1.003	55	0.0966608	32887(89.4%)	1	0	1	32887	2
2017-11-28-3785	pfama1.033	7	0.0123023	49324(59%)	1	0	1	49324	2
2017-11-28-3786	pfama1.005	49	0.086116	20820(87.9%)	3	0	0.534104	11297	2
2017-11-28-3786	pfama1.012	30	0.0527241	20820(87.9%)	3	1	0.42688	8758	2
2017-11-28-3786	pfama1.003	55	0.0966608	20820(87.9%)	3	2	0.0390154	765	2
2017-11-28-3787	pfama1.003	55	0.0966608	99119(94.4%)	1	0	1	99119	2
2017-11-28-3805	pfama1.001	72	0.126538	1411(97.6%)	1	0	1	1411	2
2017-11-28-3816	pfama1.000	90	0.158172	2359(95.2%)	1	0	1	2359	2
2017-11-28-3818	pfama1.009	35	0.0615114	50822(96.9%)	1	0	1	50822	2
2017-11-29-3079	pfama1.013	29	0.0509666	46524(92.1%)	1	0	1	46524	2
2017-11-29-3093	pfama1.035	6	0.0105448	43295(95.2%)	1	0	1	43295	2
2017-11-29-3096	pfama1.010	34	0.059754	52372(90.6%)	5	0	0.449336	23444	2
2017-11-29-3096	pfama1.024	12	0.0210896	52372(90.6%)	5	1	0.421121	22141	2
2017-11-29-3096	pfama1.030	9	0.0158172	52372(90.6%)	5	2	0.0904842	4702	2
2017-11-29-3096	pfama1.015	22	0.0386643	52372(90.6%)	5	3	0.0227444	1218	2
2017-11-29-3096	pfama1.012	30	0.0527241	52372(90.6%)	5	4	0.016314	867	2
2017-11-29-3315	pfama1.021	14	0.0246046	2398(92.7%)	2	0	0.763332	1841	2
2017-11-29-3315	pfama1.015	22	0.0386643	2398(92.7%)	2	1	0.236668	557	2
2017-11-29-3364	pfama1.017	20	0.0351494	50961(96.2%)	1	0	1	50961	2
2017-11-29-3510	pfama1.024	12	0.0210896	50869(86.1%)	1	0	1	50869	2
2017-12-04-3001	pfama1.003	55	0.0966608	35571(91.4%)	2	0	0.990943	35247	2
2017-12-04-3001	pfama1.152	1	0.00175747	35571(91.4%)	2	1	0.00905722	324	2
2017-12-04-3055	pfama1.003	55	0.0966608	67927(91.5%)	1	0	1	67927	2
2017-12-04-3164	pfama1.014	29	0.0509666	52943(95.6%)	2	0	0.5016	26418	2
2017-12-04-3164	pfama1.000	90	0.158172	52943(95.6%)	2	1	0.4984	26525	2
2017-12-05-3284	pfama1.028	10	0.0175747	49041(85.8%)	1	0	1	49041	2
2017-12-05-3285	pfama1.002	70	0.123023	597(89.6%)	5	0	0.670903	402	2
2017-12-05-3285	pfama1.010	34	0.059754	597(89.6%)	5	1	0.143557	83	2
2017-12-05-3285	pfama1.008	36	0.0632689	597(89.6%)	5	2	0.143015	87	2
2017-12-05-3285	pfama1.040	4	0.00702988	597(89.6%)	5	3	0.0216211	13	2
2017-12-05-3285	pfama1.036	6	0.0105448	597(89.6%)	5	4	0.0209034	12	2
2017-12-05-3523	pfama1.004	53	0.0931459	8(100%)	1	0	1	8	1
2017-12-05-3527	pfama1.002	70	0.123023	49041(94.3%)	1	0	1	49041	2
2017-12-06-3336	pfama1.005	49	0.086116	8135(95.7%)	4	0	0.950953	7736	1
2017-12-06-3336	pfama1.100	1	0.00175747	8135(95.7%)	4	1	0.0211432	172	1
2017-12-06-3336	pfama1.109	1	0.00175747	8135(95.7%)	4	2	0.0157345	128	1
2017-12-06-3336	pfama1.124	1	0.00175747	8135(95.7%)	4	3	0.0121696	99	1
2017-12-11-3540	pfama1.009	35	0.0615114	47949(77.2%)	1	0	1	47949	2
2017-12-11-3542	pfama1.010	34	0.059754	26315(96.7%)	4	0	0.874551	22791	2
2017-12-11-3542	pfama1.016	22	0.0386643	26315(96.7%)	4	1	0.0973457	2708	2
2017-12-11-3542	pfama1.001	72	0.126538	26315(96.7%)	4	2	0.0156432	456	2
2017-12-11-3542	pfama1.000	90	0.158172	26315(96.7%)	4	3	0.0124604	360	2
2017-12-11-3546	pfama1.009	35	0.0615114	37416(74.8%)	2	0	0.831934	32438	2
2017-12-11-3546	pfama1.012	30	0.0527241	37416(74.8%)	2	1	0.168066	4978	2
2017-12-11-3557	pfama1.022	13	0.0228471	32971(95.6%)	1	0	1	32971	2
2017-12-12-3575	pfama1.002	70	0.123023	107(93%)	3	0	0.607477	65	1
2017-12-12-3575	pfama1.015	22	0.0386643	107(93%)	3	1	0.345794	37	1
2017-12-12-3575	pfama1.079	1	0.00175747	107(93%)	3	2	0.046729	5	1
2017-12-12-3577	pfama1.000	90	0.158172	7308(94.7%)	1	0	1	7308	2
2017-12-12-3578	pfama1.018	16	0.0281195	8532(94.9%)	8	0	0.475962	4062	2
2017-12-12-3578	pfama1.012	30	0.0527241	8532(94.9%)	8	1	0.136594	1138	2
2017-12-12-3578	pfama1.022	13	0.0228471	8532(94.9%)	8	2	0.108782	935	2
2017-12-12-3578	pfama1.000	90	0.158172	8532(94.9%)	8	3	0.0947548	811	2
2017-12-12-3578	pfama1.013	29	0.0509666	8532(94.9%)	8	4	0.0694695	581	2
2017-12-12-3578	pfama1.038	5	0.00878735	8532(94.9%)	8	5	0.0453967	425	2
2017-12-12-3578	pfama1.003	55	0.0966608	8532(94.9%)	8	6	0.0378806	318	2
2017-12-12-3578	pfama1.008	36	0.0632689	8532(94.9%)	8	7	0.03116	262	2
2017-12-12-3579	pfama1.029	9	0.0158172	232(87.5%)	1	0	1	232	2
2017-12-12-3580	pfama1.006	38	0.0667838	24404(96.8%)	1	0	1	24404	2
2017-12-12-3602	pfama1.028	10	0.0175747	24(70.6%)	2	0	0.544444	13	2
2017-12-12-3602	pfama1.000	90	0.158172	24(70.6%)	2	1	0.455556	11	2
2017-12-12-3604	pfama1.037	5	0.00878735	67518(94.6%)	15	0	0.1654	11166	2
2017-12-12-3604	pfama1.000	90	0.158172	67518(94.6%)	15	1	0.12738	8575	2
2017-12-12-3604	pfama1.019	15	0.026362	67518(94.6%)	15	2	0.110206	7468	2
2017-12-12-3604	pfama1.010	34	0.059754	67518(94.6%)	15	3	0.104598	7078	2
2017-12-12-3604	pfama1.004	53	0.0931459	67518(94.6%)	15	4	0.088667	5996	2
2017-12-12-3604	pfama1.014	29	0.0509666	67518(94.6%)	15	5	0.0850573	5738	2
2017-12-12-3604	pfama1.012	30	0.0527241	67518(94.6%)	15	6	0.0819775	5537	2
2017-12-12-3604	pfama1.003	55	0.0966608	67518(94.6%)	15	7	0.0573597	3862	2
2017-12-12-3604	pfama1.001	72	0.126538	67518(94.6%)	15	8	0.0511811	3444	2
2017-12-12-3604	pfama1.002	70	0.123023	67518(94.6%)	15	9	0.036404	2448	2
2017-12-12-3604	pfama1.015	22	0.0386643	67518(94.6%)	15	10	0.0348845	2379	2
2017-12-12-3604	pfama1.044	3	0.00527241	67518(94.6%)	15	11	0.0167343	1125	2
2017-12-12-3604	pfama1.020	15	0.026362	67518(94.6%)	15	12	0.0154803	1043	2
2017-12-12-3604	pfama1.007	37	0.0650264	67518(94.6%)	15	13	0.0145592	981	2
2017-12-12-3604	pfama1.009	35	0.0615114	67518(94.6%)	15	14	0.0101118	678	2
2017-12-12-3614	pfama1.002	70	0.123023	335(95.7%)	1	0	1	335	2
2017-12-12-3617	pfama1.006	38	0.0667838	18579(97.5%)	1	0	1	18579	1
2017-12-13-3630	pfama1.007	37	0.0650264	9868(97.2%)	1	0	1	9868	2
2017-12-13-3637	pfama1.004	53	0.0931459	17749(94%)	4	0	0.981295	17417	1
2017-12-13-3637	pfama1.202	1	0.00175747	17749(94%)	4	1	0.00676094	120	1
2017-12-13-3637	pfama1.219	1	0.00175747	17749(94%)	4	2	0.00625387	111	1
2017-12-13-3637	pfama1.043	4	0.00702988	17749(94%)	4	3	0.00569046	101	1
2017-12-13-3642	pfama1.002	70	0.123023	28887(87.5%)	1	0	1	28887	3
2017-12-18-3122	pfama1.001	72	0.126538	23(65.7%)	1	0	1	23	2
2017-12-18-3148	pfama1.001	72	0.126538	20625(96.5%)	1	0	1	20625	2
2017-12-18-3154	pfama1.000	90	0.158172	82961(99.3%)	1	0	1	82961	2
2017-12-18-3190	pfama1.001	72	0.126538	732(92.9%)	1	0	1	732	2
2017-12-18-3205	pfama1.027	11	0.0193322	13433(96.3%)	3	0	0.748445	10096	2
2017-12-18-3205	pfama1.025	12	0.0210896	13433(96.3%)	3	1	0.240159	3186	2
2017-12-18-3205	pfama1.000	90	0.158172	13433(96.3%)	3	2	0.0113954	151	2
2017-12-18-3649	pfama1.002	70	0.123023	18694(93.5%)	4	0	0.962876	18000	1
2017-12-18-3649	pfama1.105	1	0.00175747	18694(93.5%)	4	1	0.0171178	320	1
2017-12-18-3649	pfama1.052	2	0.00351494	18694(93.5%)	4	2	0.0119825	224	1
2017-12-18-3649	pfama1.162	1	0.00175747	18694(93.5%)	4	3	0.00802396	150	1
2017-12-18-3659	pfama1.016	22	0.0386643	463(92%)	4	0	0.531317	246	1
2017-12-18-3659	pfama1.013	29	0.0509666	463(92%)	4	1	0.449244	208	1
2017-12-18-3659	pfama1.131	1	0.00175747	463(92%)	4	2	0.0107991	5	1
2017-12-18-3659	pfama1.155	1	0.00175747	463(92%)	4	3	0.00863931	4	1
2017-12-18-3665	pfama1.002	70	0.123023	211(87.2%)	1	0	1	211	2
2017-12-18-3824	pfama1.000	90	0.158172	26487(82.5%)	2	0	0.992134	26271	2
2017-12-18-3824	pfama1.057	2	0.00351494	26487(82.5%)	2	1	0.00786612	216	2
2017-12-19-3672	pfama1.013	29	0.0509666	13603(97.5%)	2	0	0.955772	12992	2
2017-12-19-3672	pfama1.026	12	0.0210896	13603(97.5%)	2	1	0.0442283	611	2
2017-12-19-3673	pfama1.009	35	0.0615114	4286(95.2%)	2	0	0.675942	2848	2
2017-12-19-3673	pfama1.005	49	0.086116	4286(95.2%)	2	1	0.324058	1438	2
2017-12-19-3677	pfama1.021	14	0.0246046	2754(95.9%)	4	0	0.613762	1690	2
2017-12-19-3677	pfama1.002	70	0.123023	2754(95.9%)	4	1	0.262328	723	2
2017-12-19-3677	pfama1.009	35	0.0615114	2754(95.9%)	4	2	0.0961519	265	2
2017-12-19-3677	pfama1.011	30	0.0527241	2754(95.9%)	4	3	0.0277577	76	2
2017-12-19-3681	pfama1.005	49	0.086116	18991(95%)	4	0	0.958401	18201	1
2017-12-19-3681	pfama1.089	1	0.00175747	18991(95%)	4	1	0.0293823	558	1
2017-12-19-3681	pfama1.055	2	0.00351494	18991(95%)	4	2	0.00652941	124	1
2017-12-19-3681	pfama1.244	1	0.00175747	18991(95%)	4	3	0.0056869	108	1
2017-12-19-3685	pfama1.031	9	0.0158172	434(94.1%)	3	0	0.813364	353	1
2017-12-19-3685	pfama1.023	13	0.0228471	434(94.1%)	3	1	0.177419	77	1
2017-12-19-3685	pfama1.147	1	0.00175747	434(94.1%)	3	2	0.00921659	4	1
2017-12-20-3708	pfama1.005	49	0.086116	120180(98.3%)	1	0	1	120180	2
2017-12-20-3709	pfama1.015	22	0.0386643	25904(97.9%)	1	0	1	25904	2
2017-12-20-3713	pfama1.018	16	0.0281195	33917(89.7%)	1	0	1	33917	2
2017-12-20-3714	pfama1.004	53	0.0931459	46713(92.7%)	2	0	0.842953	39390	2
2017-12-20-3714	pfama1.008	36	0.0632689	46713(92.7%)	2	1	0.157047	7323	2
2017-12-20-3720	pfama1.001	72	0.126538	40308(92.8%)	1	0	1	40308	2
2017-12-20-3728	pfama1.004	53	0.0931459	43449(93.8%)	1	0	1	43449	2
2017-12-27-3747	pfama1.001	72	0.126538	80(94.1%)	1	0	1	80	2
2017-12-27-3758	pfama1.019	15	0.026362	7027(93.3%)	3	0	0.864807	6077	1
2017-12-27-3758	pfama1.069	1	0.00175747	7027(93.3%)	3	1	0.129074	907	1
2017-12-27-3758	pfama1.223	1	0.00175747	7027(93.3%)	3	2	0.00611925	43	1
2017-12-27-3762	pfama1.007	37	0.0650264	221(90.2%)	1	0	1	221	2
2017-12-27-3766	pfama1.003	55	0.0966608	66(94.3%)	1	0	1	66	1
2017-12-27-3777	pfama1.013	29	0.0509666	27289(86.5%)	4	0	0.585986	14610	2
2017-12-27-3777	pfama1.006	38	0.0667838	27289(86.5%)	4	1	0.212058	6719	2
2017-12-27-3777	pfama1.011	30	0.0527241	27289(86.5%)	4	2	0.116178	3314	2
2017-12-27-3777	pfama1.040	4	0.00702988	27289(86.5%)	4	3	0.0857779	2646	2
2017-12-28-3785	pfama1.000	90	0.158172	63299(93.6%)	2	0	0.916763	57976	2
2017-12-28-3785	pfama1.033	7	0.0123023	63299(93.6%)	2	1	0.0832372	5323	2
2017-12-28-3786	pfama1.005	49	0.086116	24461(96.9%)	4	0	0.803874	19643	2
2017-12-28-3786	pfama1.007	37	0.0650264	24461(96.9%)	4	1	0.12155	2975	2
2017-12-28-3786	pfama1.004	53	0.0931459	24461(96.9%)	4	2	0.0445766	1108	2
2017-12-28-3786	pfama1.001	72	0.126538	24461(96.9%)	4	3	0.0299997	735	2
2017-12-28-3787	pfama1.003	55	0.0966608	50023(94%)	1	0	1	50023	2
2017-12-28-3816	pfama1.000	90	0.158172	12898(96.4%)	1	0	1	12898	2
2017-12-28-3818	pfama1.009	35	0.0615114	29320(95.4%)	1	0	1	29320	2
2017-12-29-3093	pfama1.035	6	0.0105448	35323(89.1%)	1	0	1	35323	3
2017-12-29-3095	pfama1.006	38	0.0667838	576(95.8%)	1	0	1	576	2
2017-12-29-3096	pfama1.012	30	0.0527241	3990(97.8%)	3	0	0.520551	2077	1
2017-12-29-3096	pfama1.030	9	0.0158172	3990(97.8%)	3	1	0.450376	1797	1
2017-12-29-3096	pfama1.010	34	0.059754	3990(97.8%)	3	2	0.0290727	116	1
2017-12-29-3315	pfama1.021	14	0.0246046	24(96%)	1	0	1	24	2
2017-12-29-3364	pfama1.017	20	0.0351494	96(96%)	1	0	1	96	2
2018-01-03-3164	pfama1.000	90	0.158172	37668(98.5%)	2	0	0.845228	31923	2
2018-01-03-3164	pfama1.014	29	0.0509666	37668(98.5%)	2	1	0.154772	5745	2
2018-01-04-3285	pfama1.008	36	0.0632689	84046(95.9%)	5	0	0.6382	53173	2
2018-01-04-3285	pfama1.002	70	0.123023	84046(95.9%)	5	1	0.197375	16814	2
2018-01-04-3285	pfama1.028	10	0.0175747	84046(95.9%)	5	2	0.120228	10185	2
2018-01-04-3285	pfama1.036	6	0.0105448	84046(95.9%)	5	3	0.0367221	3217	2
2018-01-04-3285	pfama1.010	34	0.059754	84046(95.9%)	5	4	0.00747542	657	2
2018-01-04-3523	pfama1.004	53	0.0931459	45796(92.8%)	1	0	1	45796	2
2018-01-04-3527	pfama1.002	70	0.123023	76742(90.4%)	1	0	1	76742	2
2018-01-08-3540	pfama1.009	35	0.0615114	12923(84.6%)	6	0	0.857463	11081	1
2018-01-08-3540	pfama1.071	1	0.00175747	12923(84.6%)	6	1	0.102685	1327	1
2018-01-08-3540	pfama1.117	1	0.00175747	12923(84.6%)	6	2	0.0130001	168	1
2018-01-08-3540	pfama1.126	1	0.00175747	12923(84.6%)	6	3	0.0118394	153	1
2018-01-08-3540	pfama1.170	1	0.00175747	12923(84.6%)	6	4	0.00773814	100	1
2018-01-08-3540	pfama1.186	1	0.00175747	12923(84.6%)	6	5	0.00727385	94	1
2018-01-08-3541	pfama1.008	36	0.0632689	26098(81.3%)	2	0	0.992002	25890	2
2018-01-08-3541	pfama1.166	1	0.00175747	26098(81.3%)	2	1	0.00799846	208	2
2018-01-08-3542	pfama1.026	12	0.0210896	38245(87.3%)	4	0	0.860944	32864	2
2018-01-08-3542	pfama1.010	34	0.059754	38245(87.3%)	4	1	0.0720101	2798	2
2018-01-08-3542	pfama1.004	53	0.0931459	38245(87.3%)	4	2	0.0565079	2180	2
2018-01-08-3542	pfama1.011	30	0.0527241	38245(87.3%)	4	3	0.0105383	403	2
2018-01-08-3546	pfama1.009	35	0.0615114	68982(71.8%)	2	0	0.703321	48488	2
2018-01-08-3546	pfama1.012	30	0.0527241	68982(71.8%)	2	1	0.296679	20494	2
2018-01-09-3575	pfama1.000	90	0.158172	18741(83.9%)	4	0	0.95822	17958	1
2018-01-09-3575	pfama1.048	2	0.00351494	18741(83.9%)	4	1	0.0211301	396	1
2018-01-09-3575	pfama1.111	1	0.00175747	18741(83.9%)	4	2	0.0147271	276	1
2018-01-09-3575	pfama1.057	2	0.00351494	18741(83.9%)	4	3	0.00592284	111	1
2018-01-09-3578	pfama1.022	13	0.0228471	58703(80.1%)	5	0	0.358994	20657	2
2018-01-09-3578	pfama1.013	29	0.0509666	58703(80.1%)	5	1	0.247855	15322	2
2018-01-09-3578	pfama1.038	5	0.00878735	58703(80.1%)	5	2	0.176045	10495	2
2018-01-09-3578	pfama1.003	55	0.0966608	58703(80.1%)	5	3	0.137084	7725	2
2018-01-09-3578	pfama1.005	49	0.086116	58703(80.1%)	5	4	0.0800211	4504	2
2018-01-09-3579	pfama1.029	9	0.0158172	41106(91.8%)	1	0	1	41106	2
2018-01-09-3602	pfama1.019	15	0.026362	28885(79.6%)	6	0	0.417033	11968	2
2018-01-09-3602	pfama1.000	90	0.158172	28885(79.6%)	6	1	0.26197	7831	2
2018-01-09-3602	pfama1.005	49	0.086116	28885(79.6%)	6	2	0.117793	3092	2
2018-01-09-3602	pfama1.022	13	0.0228471	28885(79.6%)	6	3	0.114935	3266	2
2018-01-09-3602	pfama1.002	70	0.123023	28885(79.6%)	6	4	0.0491877	1366	2
2018-01-09-3602	pfama1.006	38	0.0667838	28885(79.6%)	6	5	0.0390818	1362	2
2018-01-09-3604	pfama1.019	15	0.026362	91091(91.8%)	8	0	0.524783	47816	2
2018-01-09-3604	pfama1.014	29	0.0509666	91091(91.8%)	8	1	0.217072	19980	2
2018-01-09-3604	pfama1.009	35	0.0615114	91091(91.8%)	8	2	0.121601	10878	2
2018-01-09-3604	pfama1.004	53	0.0931459	91091(91.8%)	8	3	0.0832046	7536	2
2018-01-09-3604	pfama1.003	55	0.0966608	91091(91.8%)	8	4	0.0171969	1551	2
2018-01-09-3604	pfama1.007	37	0.0650264	91091(91.8%)	8	5	0.015924	1475	2
2018-01-09-3604	pfama1.020	15	0.026362	91091(91.8%)	8	6	0.0126128	1178	2
2018-01-09-3604	pfama1.008	36	0.0632689	91091(91.8%)	8	7	0.00760542	677	2
2018-01-09-3614	pfama1.002	70	0.123023	48374(92.8%)	1	0	1	48374	2
2018-01-09-3615	pfama1.005	49	0.086116	22409(92.3%)	3	0	0.974296	21833	1
2018-01-09-3615	pfama1.050	2	0.00351494	22409(92.3%)	3	1	0.01785	400	1
2018-01-09-3615	pfama1.167	1	0.00175747	22409(92.3%)	3	2	0.00785399	176	1
2018-01-09-3616	pfama1.002	70	0.123023	57664(94.4%)	1	0	1	57664	2
2018-01-10-3630	pfama1.007	37	0.0650264	57132(97.3%)	1	0	1	57132	2
2018-01-10-3635	pfama1.006	38	0.0667838	38494(91.5%)	2	0	0.993015	38227	2
2018-01-10-3635	pfama1.056	2	0.00351494	38494(91.5%)	2	1	0.00698534	267	2
2018-01-15-3122	pfama1.001	72	0.126538	29603(62.7%)	1	0	1	29603	2
2018-01-15-3148	pfama1.001	72	0.126538	10356(84.8%)	5	0	0.963886	9982	1
2018-01-15-3148	pfama1.121	1	0.00175747	10356(84.8%)	5	1	0.0127462	132	1
2018-01-15-3148	pfama1.159	1	0.00175747	10356(84.8%)	5	2	0.00830436	86	1
2018-01-15-3148	pfama1.051	2	0.00351494	10356(84.8%)	5	3	0.00782155	81	1
2018-01-15-3148	pfama1.042	4	0.00702988	10356(84.8%)	5	4	0.00724218	75	1
2018-01-15-3154	pfama1.000	90	0.158172	46524(93.7%)	1	0	1	46524	2
2018-01-15-3190	pfama1.001	72	0.126538	44785(96%)	1	0	1	44785	2
2018-01-15-3658	pfama1.001	72	0.126538	42701(91.6%)	1	0	1	42701	2
2018-01-15-3659	pfama1.013	29	0.0509666	43490(91.1%)	1	0	1	43490	2
2018-01-15-3665	pfama1.002	70	0.123023	43399(91.2%)	1	0	1	43399	2
2018-01-15-3825	pfama1.000	90	0.158172	42567(91.3%)	1	0	1	42567	2
2018-01-16-3672	pfama1.013	29	0.0509666	36485(77.9%)	1	0	1	36485	2
2018-01-16-3677	pfama1.021	14	0.0246046	19360(62.2%)	5	0	0.409807	7210	2
2018-01-16-3677	pfama1.009	35	0.0615114	19360(62.2%)	5	1	0.371531	7861	2
2018-01-16-3677	pfama1.001	72	0.126538	19360(62.2%)	5	2	0.135684	2956	2
2018-01-16-3677	pfama1.002	70	0.123023	19360(62.2%)	5	3	0.0451715	626	2
2018-01-16-3677	pfama1.011	30	0.0527241	19360(62.2%)	5	4	0.0378065	707	2
2018-01-16-3685	pfama1.023	13	0.0228471	63274(97.8%)	2	0	0.869851	55051	2
2018-01-16-3685	pfama1.031	9	0.0158172	63274(97.8%)	2	1	0.130149	8223	2
2018-01-17-3205	pfama1.025	12	0.0210896	38256(83.9%)	3	0	0.861714	32590	2
2018-01-17-3205	pfama1.027	11	0.0193322	38256(83.9%)	3	1	0.104153	4360	2
2018-01-17-3205	pfama1.000	90	0.158172	38256(83.9%)	3	2	0.0341329	1306	2
2018-01-17-3709	pfama1.015	22	0.0386643	85072(90.2%)	1	0	1	85072	2
2018-01-17-3713	pfama1.018	16	0.0281195	50890(93.1%)	1	0	1	50890	2
2018-01-17-3714	pfama1.004	53	0.0931459	48042(89.4%)	2	0	0.685706	33060	2
2018-01-17-3714	pfama1.008	36	0.0632689	48042(89.4%)	2	1	0.314294	14982	2
2018-01-17-3728	pfama1.004	53	0.0931459	52403(83.3%)	1	0	1	52403	2
2018-01-22-3746	pfama1.012	30	0.0527241	33977(76.4%)	2	0	0.578017	20177	2
2018-01-22-3746	pfama1.002	70	0.123023	33977(76.4%)	2	1	0.421983	13800	2
2018-01-22-3747	pfama1.001	72	0.126538	55724(87.6%)	2	0	0.994207	55404	2
2018-01-22-3747	pfama1.042	4	0.00702988	55724(87.6%)	2	1	0.00579328	320	2
2018-01-22-3761	pfama1.006	38	0.0667838	79023(95.1%)	1	0	1	79023	2
2018-01-22-3762	pfama1.007	37	0.0650264	76540(86.6%)	1	0	1	76540	2
2018-01-22-3766	pfama1.003	55	0.0966608	32946(79.3%)	2	0	0.609949	20054	2
2018-01-22-3766	pfama1.000	90	0.158172	32946(79.3%)	2	1	0.390051	12892	2
2018-01-22-3777	pfama1.011	30	0.0527241	61581(86.9%)	2	0	0.919657	56317	2
2018-01-22-3777	pfama1.006	38	0.0667838	61581(86.9%)	2	1	0.0803429	5264	2
2018-01-23-3805	pfama1.001	72	0.126538	427579(74.9%)	1	0	1	427579	3
2018-01-23-3815	pfama1.000	90	0.158172	44451(93.5%)	1	0	1	44451	2
2018-01-23-3816	pfama1.000	90	0.158172	34484(92.9%)	1	0	1	34484	2
2018-01-23-3818	pfama1.009	35	0.0615114	38928(88.9%)	1	0	1	38928	2
2018-01-24-3079	pfama1.013	29	0.0509666	42492(91%)	1	0	1	42492	2
2018-01-24-3095	pfama1.006	38	0.0667838	44989(94.7%)	1	0	1	44989	2
2018-01-24-3096	pfama1.014	29	0.0509666	46745(82.2%)	4	0	0.815912	38020	2
2018-01-24-3096	pfama1.010	34	0.059754	46745(82.2%)	4	1	0.138896	6665	2
2018-01-24-3096	pfama1.030	9	0.0158172	46745(82.2%)	4	2	0.0357968	1611	2
2018-01-24-3096	pfama1.015	22	0.0386643	46745(82.2%)	4	3	0.00939438	449	2
2018-01-24-3315	pfama1.007	37	0.0650264	40550(85.2%)	5	0	0.842848	34157	2
2018-01-24-3315	pfama1.021	14	0.0246046	40550(85.2%)	5	1	0.0854171	3337	2
2018-01-24-3315	pfama1.087	1	0.00175747	40550(85.2%)	5	2	0.0302718	1214	2
2018-01-24-3315	pfama1.015	22	0.0386643	40550(85.2%)	5	3	0.0234423	1104	2
2018-01-24-3315	pfama1.010	34	0.059754	40550(85.2%)	5	4	0.0180204	738	2
2018-01-24-3364	pfama1.017	20	0.0351494	46190(93.3%)	1	0	1	46190	2
2018-01-24-3505	pfama1.032	7	0.0123023	59621(93.6%)	1	0	1	59621	2
2018-01-24-3510	pfama1.024	12	0.0210896	58438(91.9%)	1	0	1	58438	2
2018-01-24-3785	pfama1.033	7	0.0123023	58262(87.8%)	1	0	1	58262	2
2018-01-24-3786	pfama1.004	53	0.0931459	47021(89.3%)	4	0	0.898898	42230	2
2018-01-24-3786	pfama1.005	49	0.086116	47021(89.3%)	4	1	0.0779199	3686	2
2018-01-24-3786	pfama1.003	55	0.0966608	47021(89.3%)	4	2	0.0140041	667	2
2018-01-24-3786	pfama1.001	72	0.126538	47021(89.3%)	4	3	0.00917817	438	2
2018-01-24-3787	pfama1.003	55	0.0966608	41701(92.4%)	1	0	1	41701	2
2018-01-26-3154	pfama1.000	90	0.158172	169479(98.6%)	1	0	1	169479	2
2018-01-29-3164	pfama1.014	29	0.0509666	44103(94.8%)	2	0	0.677784	29906	2
2018-01-29-3164	pfama1.000	90	0.158172	44103(94.8%)	2	1	0.322216	14197	2
2018-01-29-3521	pfama1.000	90	0.158172	66744(90.6%)	1	0	1	66744	2
2018-01-30-3285	pfama1.001	72	0.126538	51907(95%)	4	0	0.366554	20121	2
2018-01-30-3285	pfama1.028	10	0.0175747	51907(95%)	4	1	0.272209	14032	2
2018-01-30-3285	pfama1.010	34	0.059754	51907(95%)	4	2	0.210789	9726	2
2018-01-30-3285	pfama1.036	6	0.0105448	51907(95%)	4	3	0.150448	8028	2
2018-01-30-3523	pfama1.004	53	0.0931459	48505(90.3%)	1	0	1	48505	2
2018-01-30-3525	pfama1.011	30	0.0527241	98910(91.1%)	1	0	1	98910	2
2018-01-30-3677	pfama1.001	72	0.126538	42177(79%)	4	0	0.53568	22588	2
2018-01-30-3677	pfama1.021	14	0.0246046	42177(79%)	4	1	0.299526	12628	2
2018-01-30-3677	pfama1.002	70	0.123023	42177(79%)	4	2	0.110061	4625	2
2018-01-30-3677	pfama1.009	35	0.0615114	42177(79%)	4	3	0.0547332	2336	2
2018-02-05-3540	pfama1.010	34	0.059754	42969(50%)	1	0	1	42969	2
2018-02-05-3541	pfama1.008	36	0.0632689	86903(88.3%)	1	0	1	86903	2
2018-02-05-3542	pfama1.001	72	0.126538	54027(98.3%)	4	0	0.913678	49374	2
2018-02-05-3542	pfama1.026	12	0.0210896	54027(98.3%)	4	1	0.0494217	2662	2
2018-02-05-3542	pfama1.004	53	0.0931459	54027(98.3%)	4	2	0.0224596	1208	2
2018-02-05-3542	pfama1.010	34	0.059754	54027(98.3%)	4	3	0.0144409	783	2
2018-02-06-3546	pfama1.009	35	0.0615114	130331(85.2%)	10	0	0.828805	108019	1
2018-02-06-3546	pfama1.076	1	0.00175747	130331(85.2%)	10	1	0.0581443	7578	1
2018-02-06-3546	pfama1.082	1	0.00175747	130331(85.2%)	10	2	0.0415404	5414	1
2018-02-06-3546	pfama1.106	1	0.00175747	130331(85.2%)	10	3	0.0164427	2143	1
2018-02-06-3546	pfama1.110	1	0.00175747	130331(85.2%)	10	4	0.0148084	1930	1
2018-02-06-3546	pfama1.114	1	0.00175747	130331(85.2%)	10	5	0.0142253	1854	1
2018-02-06-3546	pfama1.176	1	0.00175747	130331(85.2%)	10	6	0.00750397	978	1
2018-02-06-3546	pfama1.211	1	0.00175747	130331(85.2%)	10	7	0.00656789	856	1
2018-02-06-3546	pfama1.058	2	0.00351494	130331(85.2%)	10	8	0.00617658	805	1
2018-02-06-3546	pfama1.236	1	0.00175747	130331(85.2%)	10	9	0.00578527	754	1
2018-02-06-3577	pfama1.000	90	0.158172	37106(91.3%)	3	0	0.803239	29805	1
2018-02-06-3577	pfama1.067	1	0.00175747	37106(91.3%)	3	1	0.189107	7017	1
2018-02-06-3577	pfama1.173	1	0.00175747	37106(91.3%)	3	2	0.00765375	284	1
2018-02-06-3578	pfama1.022	13	0.0228471	39793(70.9%)	10	0	0.212218	8450	2
2018-02-06-3578	pfama1.012	30	0.0527241	39793(70.9%)	10	1	0.150627	6020	2
2018-02-06-3578	pfama1.014	29	0.0509666	39793(70.9%)	10	2	0.128473	5118	2
2018-02-06-3578	pfama1.018	16	0.0281195	39793(70.9%)	10	3	0.110427	4414	2
2018-02-06-3578	pfama1.000	90	0.158172	39793(70.9%)	10	4	0.109881	4317	2
2018-02-06-3578	pfama1.008	36	0.0632689	39793(70.9%)	10	5	0.0947362	3794	2
2018-02-06-3578	pfama1.006	38	0.0667838	39793(70.9%)	10	6	0.0656914	2625	2
2018-02-06-3578	pfama1.013	29	0.0509666	39793(70.9%)	10	7	0.0485536	1904	2
2018-02-06-3578	pfama1.003	55	0.0966608	39793(70.9%)	10	8	0.0414302	1639	2
2018-02-06-3578	pfama1.009	35	0.0615114	39793(70.9%)	10	9	0.0379629	1512	2
2018-02-06-3579	pfama1.029	9	0.0158172	87893(87.4%)	1	0	1	87893	2
2018-02-06-3602	pfama1.012	30	0.0527241	37055(73.9%)	8	0	0.279777	10350	2
2018-02-06-3602	pfama1.002	70	0.123023	37055(73.9%)	8	1	0.257222	9603	2
2018-02-06-3602	pfama1.022	13	0.0228471	37055(73.9%)	8	2	0.161427	5977	2
2018-02-06-3602	pfama1.000	90	0.158172	37055(73.9%)	8	3	0.143513	5299	2
2018-02-06-3602	pfama1.005	49	0.086116	37055(73.9%)	8	4	0.086676	3149	2
2018-02-06-3602	pfama1.006	38	0.0667838	37055(73.9%)	8	5	0.0359303	1346	2
2018-02-06-3602	pfama1.028	10	0.0175747	37055(73.9%)	8	6	0.0225766	857	2
2018-02-06-3602	pfama1.019	15	0.026362	37055(73.9%)	8	7	0.0128785	474	2
2018-02-06-3614	pfama1.002	70	0.123023	250706(65.3%)	3	0	0.727918	179984	2
2018-02-06-3614	pfama1.039	4	0.00702988	250706(65.3%)	3	1	0.242969	64187	2
2018-02-06-3614	pfama1.090	1	0.00175747	250706(65.3%)	3	2	0.0291132	6535	2
2018-02-06-3616	pfama1.002	70	0.123023	42873(91.2%)	1	0	1	42873	2
2018-02-06-3617	pfama1.003	55	0.0966608	93339(93%)	15	0	0.179791	16709	2
2018-02-06-3617	pfama1.007	37	0.0650264	93339(93%)	15	1	0.134754	12546	2
2018-02-06-3617	pfama1.015	22	0.0386643	93339(93%)	15	2	0.132124	12293	2
2018-02-06-3617	pfama1.002	70	0.123023	93339(93%)	15	3	0.129586	12103	2
2018-02-06-3617	pfama1.000	90	0.158172	93339(93%)	15	4	0.10333	9651	2
2018-02-06-3617	pfama1.019	15	0.026362	93339(93%)	15	5	0.0574452	5398	2
2018-02-06-3617	pfama1.044	3	0.00527241	93339(93%)	15	6	0.0494886	4589	2
2018-02-06-3617	pfama1.001	72	0.126538	93339(93%)	15	7	0.0449587	4215	2
2018-02-06-3617	pfama1.010	34	0.059754	93339(93%)	15	8	0.0423486	3927	2
2018-02-06-3617	pfama1.014	29	0.0509666	93339(93%)	15	9	0.0281258	2702	2
2018-02-06-3617	pfama1.012	30	0.0527241	93339(93%)	15	10	0.0235487	2199	2
2018-02-06-3617	pfama1.009	35	0.0615114	93339(93%)	15	11	0.0234667	2218	2
2018-02-06-3617	pfama1.037	5	0.00878735	93339(93%)	15	12	0.0199605	1848	2
2018-02-06-3617	pfama1.020	15	0.026362	93339(93%)	15	13	0.0165763	1560	2
2018-02-06-3617	pfama1.004	53	0.0931459	93339(93%)	15	14	0.0144959	1381	2
2018-02-07-3630	pfama1.007	37	0.0650264	39498(89%)	1	0	1	39498	2
2018-02-07-3635	pfama1.006	38	0.0667838	119486(98.6%)	1	0	1	119486	2
2018-02-07-3642	pfama1.002	70	0.123023	48796(88.6%)	1	0	1	48796	2
2018-02-12-3122	pfama1.001	72	0.126538	68160(88.6%)	1	0	1	68160	2
2018-02-12-3154	pfama1.000	90	0.158172	48387(86.1%)	1	0	1	48387	2
2018-02-12-3190	pfama1.001	72	0.126538	69643(95.9%)	1	0	1	69643	2
2018-02-12-3202	pfama1.025	12	0.0210896	41673(92.6%)	1	0	1	41673	2
2018-02-12-3205	pfama1.025	12	0.0210896	38151(83.9%)	3	0	0.836306	32079	2
2018-02-12-3205	pfama1.027	11	0.0193322	38151(83.9%)	3	1	0.127423	4711	2
2018-02-12-3205	pfama1.000	90	0.158172	38151(83.9%)	3	2	0.0362713	1361	2
2018-02-12-3659	pfama1.016	22	0.0386643	52504(97.4%)	2	0	0.980667	51528	2
2018-02-12-3659	pfama1.023	13	0.0228471	52504(97.4%)	2	1	0.0193331	976	2
2018-02-12-3665	pfama1.002	70	0.123023	62413(94.5%)	1	0	1	62413	2
2018-02-13-3672	pfama1.003	55	0.0966608	67005(77.2%)	2	0	0.849632	55356	2
2018-02-13-3672	pfama1.026	12	0.0210896	67005(77.2%)	2	1	0.150368	11649	2
2018-02-13-3677	pfama1.021	14	0.0246046	30556(78.6%)	1	0	1	30556	2
2018-02-13-3685	pfama1.023	13	0.0228471	42634(82.3%)	2	0	0.77292	32921	2
2018-02-13-3685	pfama1.031	9	0.0158172	42634(82.3%)	2	1	0.22708	9713	2
2018-02-14-3708	pfama1.005	49	0.086116	112770(98.5%)	1	0	1	112770	2
2018-02-14-3709	pfama1.015	22	0.0386643	60105(94.3%)	1	0	1	60105	2
2018-02-14-3713	pfama1.018	16	0.0281195	76608(87.1%)	1	0	1	76608	2
2018-02-14-3714	pfama1.008	36	0.0632689	37547(76.3%)	1	0	1	37547	2
2018-02-14-3728	pfama1.004	53	0.0931459	60386(76.2%)	1	0	1	60386	3
2018-02-19-3746	pfama1.002	70	0.123023	46260(92%)	1	0	1	46260	2
2018-02-19-3747	pfama1.001	72	0.126538	38777(91.9%)	1	0	1	38777	2
2018-02-19-3761	pfama1.006	38	0.0667838	47210(96.6%)	1	0	1	47210	2
2018-02-19-3762	pfama1.007	37	0.0650264	16200(80.9%)	9	0	0.808395	13096	1
2018-02-19-3762	pfama1.081	1	0.00175747	16200(80.9%)	9	1	0.0420988	682	1
2018-02-19-3762	pfama1.083	1	0.00175747	16200(80.9%)	9	2	0.0407407	660	1
2018-02-19-3762	pfama1.084	1	0.00175747	16200(80.9%)	9	3	0.0398148	645	1
2018-02-19-3762	pfama1.085	1	0.00175747	16200(80.9%)	9	4	0.0314815	510	1
2018-02-19-3762	pfama1.125	1	0.00175747	16200(80.9%)	9	5	0.0119136	193	1
2018-02-19-3762	pfama1.127	1	0.00175747	16200(80.9%)	9	6	0.0117901	191	1
2018-02-19-3762	pfama1.192	1	0.00175747	16200(80.9%)	9	7	0.00697531	113	1
2018-02-19-3762	pfama1.059	2	0.00351494	16200(80.9%)	9	8	0.00679012	110	1
2018-02-19-3766	pfama1.003	55	0.0966608	52801(94.5%)	1	0	1	52801	2
2018-02-19-3777	pfama1.011	30	0.0527241	32374(64.5%)	1	0	1	32374	2
2018-02-20-3786	pfama1.005	49	0.086116	33164(74.9%)	3	0	0.4306	14236	2
2018-02-20-3786	pfama1.004	53	0.0931459	33164(74.9%)	3	1	0.412982	13707	2
2018-02-20-3786	pfama1.007	37	0.0650264	33164(74.9%)	3	2	0.156418	5221	2
2018-02-20-3787	pfama1.003	55	0.0966608	42571(93.4%)	1	0	1	42571	2
2018-02-20-3805	pfama1.001	72	0.126538	36110(89.6%)	1	0	1	36110	2
2018-02-21-3079	pfama1.013	29	0.0509666	80492(87.8%)	1	0	1	80492	2
2018-02-21-3093	pfama1.035	6	0.0105448	69112(88.9%)	2	0	0.993	68626	2
2018-02-21-3093	pfama1.191	1	0.00175747	69112(88.9%)	2	1	0.00700026	486	2
2018-02-21-3095	pfama1.006	38	0.0667838	42556(95.4%)	1	0	1	42556	2
2018-02-21-3096	pfama1.010	34	0.059754	25625(59.6%)	4	0	0.626525	16027	2
2018-02-21-3096	pfama1.015	22	0.0386643	25625(59.6%)	4	1	0.250517	6498	2
2018-02-21-3096	pfama1.012	30	0.0527241	25625(59.6%)	4	2	0.0952498	2407	2
2018-02-21-3096	pfama1.014	29	0.0509666	25625(59.6%)	4	3	0.0277078	693	2
2018-02-21-3315	pfama1.021	14	0.0246046	48981(85%)	4	0	0.829082	40610	2
2018-02-21-3315	pfama1.015	22	0.0386643	48981(85%)	4	1	0.0740368	3628	2
2018-02-21-3315	pfama1.007	37	0.0650264	48981(85%)	4	2	0.073048	3576	2
2018-02-21-3315	pfama1.010	34	0.059754	48981(85%)	4	3	0.0238331	1167	2
2018-02-21-3364	pfama1.017	20	0.0351494	58094(94.3%)	1	0	1	58094	2
2018-02-21-3505	pfama1.032	7	0.0123023	12382(80.5%)	5	0	0.932886	11551	1
2018-02-21-3505	pfama1.092	1	0.00175747	12382(80.5%)	5	1	0.027863	345	1
2018-02-21-3505	pfama1.098	1	0.00175747	12382(80.5%)	5	2	0.0213213	264	1
2018-02-21-3505	pfama1.148	1	0.00175747	12382(80.5%)	5	3	0.00920691	114	1
2018-02-21-3505	pfama1.154	1	0.00175747	12382(80.5%)	5	4	0.00872234	108	1
2018-02-21-3510	pfama1.024	12	0.0210896	90807(86.1%)	1	0	1	90807	2
2018-02-21-3816	pfama1.000	90	0.158172	45411(96.6%)	1	0	1	45411	2
2018-02-21-3818	pfama1.009	35	0.0615114	71874(96.2%)	1	0	1	71874	2
2018-02-26-3164	pfama1.000	90	0.158172	55826(95.1%)	2	0	0.561165	31675	2
2018-02-26-3164	pfama1.014	29	0.0509666	55826(95.1%)	2	1	0.438835	24151	2
2018-02-27-3285	pfama1.008	36	0.0632689	72498(93.5%)	3	0	0.45262	32843	2
2018-02-27-3285	pfama1.036	6	0.0105448	72498(93.5%)	3	1	0.449537	32545	2
2018-02-27-3285	pfama1.010	34	0.059754	72498(93.5%)	3	2	0.097843	7110	2
2018-02-27-3523	pfama1.004	53	0.0931459	75565(88%)	1	0	1	75565	2
2018-02-27-3525	pfama1.011	30	0.0527241	81041(84.4%)	1	0	1	81041	2
2018-02-27-3527	pfama1.002	70	0.123023	12546(83%)	4	0	0.977682	12266	1
2018-02-27-3527	pfama1.138	1	0.00175747	12546(83%)	4	1	0.00996333	125	1
2018-02-27-3527	pfama1.217	1	0.00175747	12546(83%)	4	2	0.00629683	79	1
2018-02-27-3527	pfama1.227	1	0.00175747	12546(83%)	4	3	0.00605771	76	1
2018-02-28-3535	pfama1.032	7	0.0123023	386(87.1%)	9	0	0.606218	234	1
2018-02-28-3535	pfama1.000	90	0.158172	386(87.1%)	9	1	0.217617	84	1
2018-02-28-3535	pfama1.002	70	0.123023	386(87.1%)	9	2	0.0932642	36	1
2018-02-28-3535	pfama1.096	1	0.00175747	386(87.1%)	9	3	0.0233161	9	1
2018-02-28-3535	pfama1.120	1	0.00175747	386(87.1%)	9	4	0.0129534	5	1
2018-02-28-3535	pfama1.119	1	0.00175747	386(87.1%)	9	5	0.0129534	5	1
2018-02-28-3535	pfama1.118	1	0.00175747	386(87.1%)	9	6	0.0129534	5	1
2018-02-28-3535	pfama1.135	1	0.00175747	386(87.1%)	9	7	0.0103627	4	1
2018-02-28-3535	pfama1.134	1	0.00175747	386(87.1%)	9	8	0.0103627	4	1
2018-03-05-3541	pfama1.008	36	0.0632689	40067(90%)	3	0	0.980458	39284	1
2018-03-05-3541	pfama1.123	1	0.00175747	40067(90%)	3	1	0.0126288	506	1
2018-03-05-3541	pfama1.196	1	0.00175747	40067(90%)	3	2	0.00691342	277	1
2018-03-05-3542	pfama1.037	5	0.00878735	69547(97.2%)	6	0	0.759322	52795	2
2018-03-05-3542	pfama1.026	12	0.0210896	69547(97.2%)	6	1	0.180947	12585	2
2018-03-05-3542	pfama1.011	30	0.0527241	69547(97.2%)	6	2	0.0286327	1987	2
2018-03-05-3542	pfama1.004	53	0.0931459	69547(97.2%)	6	3	0.0143071	1001	2
2018-03-05-3542	pfama1.010	34	0.059754	69547(97.2%)	6	4	0.0109332	770	2
2018-03-05-3542	pfama1.016	22	0.0386643	69547(97.2%)	6	5	0.00585866	409	2
2018-03-06-3577	pfama1.000	90	0.158172	48173(93.8%)	1	0	1	48173	2
2018-03-06-3578	pfama1.012	30	0.0527241	40293(74.1%)	8	0	0.339281	13765	2
2018-03-06-3578	pfama1.038	5	0.00878735	40293(74.1%)	8	1	0.315235	12349	2
2018-03-06-3578	pfama1.013	29	0.0509666	40293(74.1%)	8	2	0.155396	6449	2
2018-03-06-3578	pfama1.018	16	0.0281195	40293(74.1%)	8	3	0.057996	2254	2
2018-03-06-3578	pfama1.014	29	0.0509666	40293(74.1%)	8	4	0.0430135	1783	2
2018-03-06-3578	pfama1.008	36	0.0632689	40293(74.1%)	8	5	0.0414611	1723	2
2018-03-06-3578	pfama1.022	13	0.0228471	40293(74.1%)	8	6	0.0291084	1218	2
2018-03-06-3578	pfama1.005	49	0.086116	40293(74.1%)	8	7	0.0185089	752	2
2018-03-06-3595	pfama1.002	70	0.123023	76963(89.5%)	1	0	1	76963	2
2018-03-07-3642	pfama1.002	70	0.123023	512(88.7%)	1	0	1	512	2
2018-03-12-3190	pfama1.001	72	0.126538	68992(85.7%)	1	0	1	68992	2
2018-03-12-3202	pfama1.030	9	0.0158172	568(85.9%)	1	0	1	568	4
2018-03-12-3659	pfama1.013	29	0.0509666	42185(81.1%)	1	0	1	42185	2
2018-03-14-3709	pfama1.015	22	0.0386643	22233(89.2%)	3	0	0.986192	21926	1
2018-03-14-3709	pfama1.177	1	0.00175747	22233(89.2%)	3	1	0.00746638	166	1
2018-03-14-3709	pfama1.214	1	0.00175747	22233(89.2%)	3	2	0.00634192	141	1
2018-03-14-3714	pfama1.004	53	0.0931459	54741(84.6%)	1	0	1	54741	2
2018-03-14-3728	pfama1.065	1	0.00175747	984(88.7%)	6	0	0.547764	539	1
2018-03-14-3728	pfama1.000	90	0.158172	984(88.7%)	6	1	0.387195	381	1
2018-03-14-3728	pfama1.033	7	0.0123023	984(88.7%)	6	2	0.0426829	42	1
2018-03-14-3728	pfama1.136	1	0.00175747	984(88.7%)	6	3	0.0101626	10	1
2018-03-14-3728	pfama1.224	1	0.00175747	984(88.7%)	6	4	0.00609756	6	1
2018-03-14-3728	pfama1.225	1	0.00175747	984(88.7%)	6	5	0.00609756	6	1
2018-03-19-3746	pfama1.002	70	0.123023	61879(73.5%)	1	0	1	61879	3
2018-03-19-3747	pfama1.001	72	0.126538	73588(88.1%)	1	0	1	73588	2
2018-03-19-3761	pfama1.006	38	0.0667838	39969(91.6%)	1	0	1	39969	2
2018-03-19-3766	pfama1.003	55	0.0966608	40995(89.6%)	1	0	1	40995	2
2018-03-19-3777	pfama1.011	30	0.0527241	36661(68.8%)	3	0	0.814293	30224	2
2018-03-19-3777	pfama1.006	38	0.0667838	36661(68.8%)	3	1	0.13751	4560	2
2018-03-19-3777	pfama1.078	1	0.00175747	36661(68.8%)	3	2	0.0481971	1877	2
2018-03-20-3786	pfama1.004	53	0.0931459	118530(95.9%)	2	0	0.621586	74063	2
2018-03-20-3786	pfama1.001	72	0.126538	118530(95.9%)	2	1	0.378414	44467	2
2018-03-20-3805	pfama1.001	72	0.126538	25226(90.8%)	1	0	1	25226	2
2018-03-20-3816	pfama1.000	90	0.158172	44596(93.1%)	1	0	1	44596	2
2018-03-20-3818	pfama1.009	35	0.0615114	45034(92.1%)	1	0	1	45034	2
2018-03-21-3095	pfama1.006	38	0.0667838	41037(90%)	1	0	1	41037	2
2018-03-21-3096	pfama1.010	34	0.059754	44078(92.7%)	4	0	0.566656	24976	2
2018-03-21-3096	pfama1.030	9	0.0158172	44078(92.7%)	4	1	0.40977	18062	2
2018-03-21-3096	pfama1.014	29	0.0509666	44078(92.7%)	4	2	0.0134394	593	2
2018-03-21-3096	pfama1.012	30	0.0527241	44078(92.7%)	4	3	0.0101346	447	2
2018-03-21-3313	pfama1.017	20	0.0351494	51893(87.3%)	1	0	1	51893	2
2018-03-21-3315	pfama1.007	37	0.0650264	31355(98.4%)	2	0	0.958866	30049	2
2018-03-21-3315	pfama1.010	34	0.059754	31355(98.4%)	2	1	0.0411336	1306	2
2018-03-21-3364	pfama1.017	20	0.0351494	55655(96.9%)	1	0	1	55655	2
2018-03-21-3505	pfama1.032	7	0.0123023	64907(90.7%)	1	0	1	64907	2
2018-03-21-3510	pfama1.024	12	0.0210896	44998(92%)	1	0	1	44998	2
2018-03-26-3164	pfama1.014	29	0.0509666	58426(94.2%)	2	0	0.661208	38618	2
2018-03-26-3164	pfama1.000	90	0.158172	58426(94.2%)	2	1	0.338792	19808	2
2018-03-27-3285	pfama1.010	34	0.059754	36489(76.5%)	5	0	0.453866	16573	2
2018-03-27-3285	pfama1.008	36	0.0632689	36489(76.5%)	5	1	0.271886	9912	2
2018-03-27-3285	pfama1.001	72	0.126538	36489(76.5%)	5	2	0.12388	4521	2
2018-03-27-3285	pfama1.028	10	0.0175747	36489(76.5%)	5	3	0.0971102	3537	2
2018-03-27-3285	pfama1.036	6	0.0105448	36489(76.5%)	5	4	0.0532584	1946	2
2018-03-27-3523	pfama1.004	53	0.0931459	69181(87.2%)	1	0	1	69181	2
2018-04-02-3542	pfama1.004	53	0.0931459	29876(94.1%)	2	0	0.990895	29602	2
2018-04-02-3542	pfama1.011	30	0.0527241	29876(94.1%)	2	1	0.00910499	274	2
2018-04-03-3604	pfama1.019	15	0.026362	55200(83.2%)	13	0	0.265277	14641	2
2018-04-03-3604	pfama1.004	53	0.0931459	55200(83.2%)	13	1	0.180402	10028	2
2018-04-03-3604	pfama1.000	90	0.158172	55200(83.2%)	13	2	0.16347	8965	2
2018-04-03-3604	pfama1.001	72	0.126538	55200(83.2%)	13	3	0.113581	6230	2
2018-04-03-3604	pfama1.013	29	0.0509666	55200(83.2%)	13	4	0.0920005	5133	2
2018-04-03-3604	pfama1.031	9	0.0158172	55200(83.2%)	13	5	0.0663476	3686	2
2018-04-03-3604	pfama1.012	30	0.0527241	55200(83.2%)	13	6	0.0350832	1927	2
2018-04-03-3604	pfama1.003	55	0.0966608	55200(83.2%)	13	7	0.0222318	1222	2
2018-04-03-3604	pfama1.007	37	0.0650264	55200(83.2%)	13	8	0.0150152	813	2
2018-04-03-3604	pfama1.045	3	0.00527241	55200(83.2%)	13	9	0.0145426	795	2
2018-04-03-3604	pfama1.005	49	0.086116	55200(83.2%)	13	10	0.0143303	795	2
2018-04-03-3604	pfama1.037	5	0.00878735	55200(83.2%)	13	11	0.0102879	554	2
2018-04-03-3604	pfama1.002	70	0.123023	55200(83.2%)	13	12	0.0074308	411	2
2018-04-04-3546	pfama1.009	35	0.0615114	77164(84%)	1	0	1	77164	2
2018-04-04-3579	pfama1.029	9	0.0158172	78213(84.3%)	1	0	1	78213	2
2018-04-09-3122	pfama1.001	72	0.126538	67461(88.9%)	2	0	0.965678	65082	2
2018-04-09-3122	pfama1.005	49	0.086116	67461(88.9%)	2	1	0.0343218	2379	2
2018-04-09-3148	pfama1.001	72	0.126538	97525(87.9%)	1	0	1	97525	2
2018-04-09-3190	pfama1.001	72	0.126538	65261(90.9%)	1	0	1	65261	2
2018-04-09-3205	pfama1.027	11	0.0193322	66446(75.7%)	2	0	0.909107	59928	2
2018-04-09-3205	pfama1.000	90	0.158172	66446(75.7%)	2	1	0.0908934	6518	2
2018-04-09-3659	pfama1.013	29	0.0509666	70960(87%)	2	0	0.732838	51042	2
2018-04-09-3659	pfama1.023	13	0.0228471	70960(87%)	2	1	0.267162	19918	2
2018-04-10-3673	pfama1.005	49	0.086116	89972(86.7%)	2	0	0.990522	89102	2
2018-04-10-3673	pfama1.143	1	0.00175747	89972(86.7%)	2	1	0.00947827	870	2
2018-04-10-3685	pfama1.031	9	0.0158172	68771(65.9%)	3	0	0.984974	67724	2
2018-04-10-3685	pfama1.168	1	0.00175747	68771(65.9%)	3	1	0.00782866	577	2
2018-04-10-3685	pfama1.189	1	0.00175747	68771(65.9%)	3	2	0.00719714	470	2
2018-04-11-3708	pfama1.005	49	0.086116	84553(85.7%)	1	0	1	84553	2
2018-04-11-3713	pfama1.018	16	0.0281195	89188(87.1%)	1	0	1	89188	2
2018-04-11-3714	pfama1.008	36	0.0632689	38768(87.4%)	4	0	0.975598	37822	1
2018-04-11-3714	pfama1.129	1	0.00175747	38768(87.4%)	4	1	0.0113496	440	1
2018-04-11-3714	pfama1.184	1	0.00175747	38768(87.4%)	4	2	0.00729983	283	1
2018-04-11-3714	pfama1.241	1	0.00175747	38768(87.4%)	4	3	0.00575217	223	1
2018-04-16-3761	pfama1.006	38	0.0667838	87796(85.6%)	1	0	1	87796	2
2018-04-16-3766	pfama1.000	90	0.158172	64550(62.7%)	1	0	1	64550	2
2018-04-16-3777	pfama1.009	35	0.0615114	61882(86%)	2	0	0.926453	57304	2
2018-04-16-3777	pfama1.013	29	0.0509666	61882(86%)	2	1	0.0735469	4578	2
2018-04-17-3805	pfama1.001	72	0.126538	55591(91.7%)	8	0	0.92756	51564	1
2018-04-17-3805	pfama1.104	1	0.00175747	55591(91.7%)	8	1	0.0180965	1006	1
2018-04-17-3805	pfama1.051	2	0.00351494	55591(91.7%)	8	2	0.0134914	750	1
2018-04-17-3805	pfama1.140	1	0.00175747	55591(91.7%)	8	3	0.00973179	541	1
2018-04-17-3805	pfama1.142	1	0.00175747	55591(91.7%)	8	4	0.00958788	533	1
2018-04-17-3805	pfama1.164	1	0.00175747	55591(91.7%)	8	5	0.00800489	445	1
2018-04-17-3805	pfama1.174	1	0.00175747	55591(91.7%)	8	6	0.00760915	423	1
2018-04-17-3805	pfama1.231	1	0.00175747	55591(91.7%)	8	7	0.00591822	329	1
2018-04-18-3364	pfama1.017	20	0.0351494	77856(91.8%)	1	0	1	77856	2
2018-04-18-3505	pfama1.032	7	0.0123023	87259(86.6%)	1	0	1	87259	2
2018-04-18-3510	pfama1.024	12	0.0210896	67353(89.6%)	1	0	1	67353	2
2018-04-18-3787	pfama1.003	55	0.0966608	75821(84.6%)	1	0	1	75821	2
2018-04-23-3164	pfama1.000	90	0.158172	22105(96.8%)	1	0	1	22105	2
2018-04-24-3523	pfama1.004	53	0.0931459	85672(84.1%)	1	0	1	85672	2
2018-04-24-3527	pfama1.002	70	0.123023	76187(86.3%)	1	0	1	76187	2
2018-04-25-3249	pfama1.000	90	0.158172	49280(88.1%)	2	0	0.9875	48664	1
2018-04-25-3249	pfama1.048	2	0.00351494	49280(88.1%)	2	1	0.0125	616	1
2018-04-30-3541	pfama1.008	36	0.0632689	42612(86.3%)	2	0	0.994227	42366	1
2018-04-30-3541	pfama1.239	1	0.00175747	42612(86.3%)	2	1	0.00577302	246	1
2018-04-30-3546	pfama1.009	35	0.0615114	63973(85.2%)	2	0	0.991032	63400	2
2018-04-30-3546	pfama1.153	1	0.00175747	63973(85.2%)	2	1	0.00896821	573	2
2018-05-01-3577	pfama1.000	90	0.158172	42095(88.3%)	3	0	0.93251	39254	1
2018-05-01-3577	pfama1.075	1	0.00175747	42095(88.3%)	3	1	0.0582254	2451	1
2018-05-01-3577	pfama1.146	1	0.00175747	42095(88.3%)	3	2	0.00926476	390	1
2018-05-01-3579	pfama1.029	9	0.0158172	74540(85.8%)	1	0	1	74540	2
2018-05-01-3604	pfama1.002	70	0.123023	24137(80.8%)	9	0	0.374076	9017	2
2018-05-01-3604	pfama1.000	90	0.158172	24137(80.8%)	9	1	0.187135	4559	2
2018-05-01-3604	pfama1.009	35	0.0615114	24137(80.8%)	9	2	0.103303	2447	2
2018-05-01-3604	pfama1.019	15	0.026362	24137(80.8%)	9	3	0.0994386	2412	2
2018-05-01-3604	pfama1.005	49	0.086116	24137(80.8%)	9	4	0.0795648	1929	2
2018-05-01-3604	pfama1.012	30	0.0527241	24137(80.8%)	9	5	0.0677838	1659	2
2018-05-01-3604	pfama1.015	22	0.0386643	24137(80.8%)	9	6	0.0409386	987	2
2018-05-01-3604	pfama1.045	3	0.00527241	24137(80.8%)	9	7	0.0351834	821	2
2018-05-01-3604	pfama1.020	15	0.026362	24137(80.8%)	9	8	0.0125769	306	2
2018-05-07-3122	pfama1.001	72	0.126538	43252(52.8%)	3	0	0.907186	38034	2
2018-05-07-3122	pfama1.074	1	0.00175747	43252(52.8%)	3	1	0.0613745	4102	2
2018-05-07-3122	pfama1.086	1	0.00175747	43252(52.8%)	3	2	0.0314391	1116	2
2018-05-07-3148	pfama1.001	72	0.126538	100116(87.8%)	2	0	0.994326	99549	2
2018-05-07-3148	pfama1.245	1	0.00175747	100116(87.8%)	2	1	0.00567373	567	2
2018-05-07-3190	pfama1.001	72	0.126538	78179(85.1%)	1	0	1	78179	2
2018-05-07-3205	pfama1.025	12	0.0210896	53890(55.4%)	1	0	1	53890	2
2018-05-07-3659	pfama1.013	29	0.0509666	75824(91.3%)	2	0	0.895301	67809	2
2018-05-07-3659	pfama1.023	13	0.0228471	75824(91.3%)	2	1	0.104699	8015	2
2018-05-07-3665	pfama1.002	70	0.123023	81004(88.2%)	1	0	1	81004	2
2018-05-08-3672	pfama1.003	55	0.0966608	71388(86%)	1	0	1	71388	2
2018-05-08-3673	pfama1.005	49	0.086116	44780(87.9%)	6	0	0.891559	39924	1
2018-05-08-3673	pfama1.073	1	0.00175747	44780(87.9%)	6	1	0.0755248	3382	1
2018-05-08-3673	pfama1.122	1	0.00175747	44780(87.9%)	6	2	0.0126396	566	1
2018-05-08-3673	pfama1.055	2	0.00351494	44780(87.9%)	6	3	0.00792765	355	1
2018-05-08-3673	pfama1.206	1	0.00175747	44780(87.9%)	6	4	0.00665476	298	1
2018-05-08-3673	pfama1.050	2	0.00351494	44780(87.9%)	6	5	0.00569451	255	1
2018-05-09-3708	pfama1.005	49	0.086116	62190(93.2%)	1	0	1	62190	2
2018-05-09-3709	pfama1.015	22	0.0386643	79426(86.6%)	1	0	1	79426	2
2018-05-09-3713	pfama1.018	16	0.0281195	83333(92.5%)	2	0	0.993847	82819	2
2018-05-09-3713	pfama1.222	1	0.00175747	83333(92.5%)	2	1	0.00615345	514	2
2018-05-09-3714	pfama1.004	53	0.0931459	40610(77.9%)	2	0	0.536346	21781	1
2018-05-09-3714	pfama1.008	36	0.0632689	40610(77.9%)	2	1	0.463654	18829	1
2018-05-09-3728	pfama1.004	53	0.0931459	77056(84.9%)	2	0	0.992947	76511	2
2018-05-09-3728	pfama1.046	3	0.00527241	77056(84.9%)	2	1	0.00705347	545	2
2018-05-14-3747	pfama1.001	72	0.126538	81076(91.9%)	1	0	1	81076	2
2018-05-14-3761	pfama1.000	90	0.158172	30373(88%)	2	0	0.994271	30199	1
2018-05-14-3761	pfama1.061	2	0.00351494	30373(88%)	2	1	0.00572877	174	1
2018-05-14-3766	pfama1.003	55	0.0966608	58645(82.9%)	2	0	0.895987	52712	2
2018-05-14-3766	pfama1.000	90	0.158172	58645(82.9%)	2	1	0.104013	5933	2
2018-05-14-3777	pfama1.011	30	0.0527241	57540(69%)	2	0	0.657514	35833	2
2018-05-14-3777	pfama1.006	38	0.0667838	57540(69%)	2	1	0.342486	21707	2
2018-05-15-3785	pfama1.033	7	0.0123023	66853(90%)	2	0	0.588765	39416	2
2018-05-15-3785	pfama1.000	90	0.158172	66853(90%)	2	1	0.411235	27437	2
2018-05-15-3787	pfama1.003	55	0.0966608	78431(87.2%)	2	0	0.993993	77959	2
2018-05-15-3787	pfama1.228	1	0.00175747	78431(87.2%)	2	1	0.00600664	472	2
2018-05-15-3805	pfama1.001	72	0.126538	55297(84.3%)	1	0	1	55297	2
2018-05-15-3818	pfama1.009	35	0.0615114	71000(83.3%)	1	0	1	71000	2
2018-05-16-3095	pfama1.006	38	0.0667838	34536(89.5%)	2	0	0.994151	34334	1
2018-05-16-3095	pfama1.232	1	0.00175747	34536(89.5%)	2	1	0.00584897	202	1
2018-05-16-3364	pfama1.017	20	0.0351494	53357(87.6%)	1	0	1	53357	2
2018-05-16-3505	pfama1.032	7	0.0123023	44852(64.3%)	1	0	1	44852	2
2018-05-16-3506	pfama1.008	36	0.0632689	35125(62.7%)	1	0	1	35125	2
2018-05-16-3510	pfama1.024	12	0.0210896	34676(66.7%)	2	0	0.518562	18062	2
2018-05-16-3510	pfama1.014	29	0.0509666	34676(66.7%)	2	1	0.481438	16614	2
2018-05-21-3808	pfama1.000	90	0.158172	15377(71.6%)	4	0	0.453869	6982	2
2018-05-21-3808	pfama1.026	12	0.0210896	15377(71.6%)	4	1	0.302721	4653	2
2018-05-21-3808	pfama1.007	37	0.0650264	15377(71.6%)	4	2	0.17515	2693	2
2018-05-21-3808	pfama1.008	36	0.0632689	15377(71.6%)	4	3	0.0682604	1049	2
2018-05-22-3527	pfama1.002	70	0.123023	54202(88%)	1	0	1	54202	2
2018-05-23-3525	pfama1.011	30	0.0527241	29637(88.2%)	3	0	0.983905	29160	1
2018-05-23-3525	pfama1.151	1	0.00175747	29637(88.2%)	3	1	0.00914398	271	1
2018-05-23-3525	pfama1.194	1	0.00175747	29637(88.2%)	3	2	0.00695077	206	1
2018-05-28-3393	pfama1.003	55	0.0966608	56740(98.3%)	1	0	1	56740	2
2018-05-28-3541	pfama1.008	36	0.0632689	52214(85.3%)	1	0	1	52214	2
2018-05-28-3546	pfama1.009	35	0.0615114	40256(86.1%)	3	0	0.969595	39032	1
2018-05-28-3546	pfama1.049	2	0.00351494	40256(86.1%)	3	1	0.0233257	939	1
2018-05-28-3546	pfama1.190	1	0.00175747	40256(86.1%)	3	2	0.00707969	285	1
2018-05-28-3614	pfama1.002	70	0.123023	58190(78%)	1	0	1	58190	2
2018-05-28-3616	pfama1.002	70	0.123023	58359(88.2%)	1	0	1	58359	2
2018-05-29-3575	pfama1.000	90	0.158172	19605(81.9%)	1	0	1	19605	2
2018-05-29-3577	pfama1.000	90	0.158172	37268(87.1%)	5	0	0.955243	35600	1
2018-05-29-3577	pfama1.103	1	0.00175747	37268(87.1%)	5	1	0.0181657	677	1
2018-05-29-3577	pfama1.128	1	0.00175747	37268(87.1%)	5	2	0.0115112	429	1
2018-05-29-3577	pfama1.144	1	0.00175747	37268(87.1%)	5	3	0.0093646	349	1
2018-05-29-3577	pfama1.061	2	0.00351494	37268(87.1%)	5	4	0.00571536	213	1
2018-05-29-3580	pfama1.006	38	0.0667838	34509(86%)	2	0	0.990147	34169	1
2018-05-29-3580	pfama1.139	1	0.00175747	34509(86%)	2	1	0.0098525	340	1
2018-05-29-3602	pfama1.022	13	0.0228471	78274(89.6%)	3	0	0.983362	76983	2
2018-05-29-3602	pfama1.000	90	0.158172	78274(89.6%)	3	1	0.00939826	744	2
2018-05-29-3602	pfama1.187	1	0.00175747	78274(89.6%)	3	2	0.0072397	547	2
2018-05-30-3642	pfama1.002	70	0.123023	62788(84.9%)	1	0	1	62788	2
2018-06-04-3122	pfama1.005	49	0.086116	37986(61%)	2	0	0.646188	25157	2
2018-06-04-3122	pfama1.023	13	0.0228471	37986(61%)	2	1	0.353812	12829	2
2018-06-04-3190	pfama1.001	72	0.126538	64741(87.2%)	1	0	1	64741	2
2018-06-04-3202	pfama1.045	3	0.00527241	212(92.2%)	1	0	1	212	1
2018-06-04-3205	pfama1.000	90	0.158172	43806(69.9%)	3	0	0.608552	26615	2
2018-06-04-3205	pfama1.025	12	0.0210896	43806(69.9%)	3	1	0.209194	9248	2
2018-06-04-3205	pfama1.027	11	0.0193322	43806(69.9%)	3	2	0.182254	7943	2
2018-06-04-3659	pfama1.016	22	0.0386643	47841(77.4%)	2	0	0.636278	30581	2
2018-06-04-3659	pfama1.013	29	0.0509666	47841(77.4%)	2	1	0.363722	17260	2
2018-06-05-3672	pfama1.003	55	0.0966608	57152(87.4%)	2	0	0.993101	56759	2
2018-06-05-3672	pfama1.198	1	0.00175747	57152(87.4%)	2	1	0.00689923	393	2
2018-06-05-3685	pfama1.005	49	0.086116	61710(87.9%)	2	0	0.91119	57265	2
2018-06-05-3685	pfama1.031	9	0.0158172	61710(87.9%)	2	1	0.0888101	4445	2
2018-06-06-3708	pfama1.005	49	0.086116	50272(86.2%)	1	0	1	50272	2
2018-06-06-3713	pfama1.018	16	0.0281195	30339(84.4%)	3	0	0.983981	29853	1
2018-06-06-3713	pfama1.137	1	0.00175747	30339(84.4%)	3	1	0.010086	306	1
2018-06-06-3713	pfama1.229	1	0.00175747	30339(84.4%)	3	2	0.00593296	180	1
2018-06-06-3714	pfama1.008	36	0.0632689	45515(76.1%)	1	0	1	45515	2
2018-06-06-3728	pfama1.004	53	0.0931459	64182(83.9%)	2	0	0.993573	63771	2
2018-06-06-3728	pfama1.043	4	0.00702988	64182(83.9%)	2	1	0.00642691	411	2
2018-06-07-3782	pfama1.014	29	0.0509666	32978(89.6%)	5	0	0.799676	26363	2
2018-06-07-3782	pfama1.009	35	0.0615114	32978(89.6%)	5	1	0.153036	5051	2
2018-06-07-3782	pfama1.002	70	0.123023	32978(89.6%)	5	2	0.0249679	842	2
2018-06-07-3782	pfama1.003	55	0.0966608	32978(89.6%)	5	3	0.0139547	475	2
2018-06-07-3782	pfama1.019	15	0.026362	32978(89.6%)	5	4	0.00836536	247	2
2018-06-11-3746	pfama1.002	70	0.123023	59600(84.4%)	1	0	1	59600	2
2018-06-11-3747	pfama1.001	72	0.126538	72649(92.3%)	1	0	1	72649	2
2018-06-11-3777	pfama1.011	30	0.0527241	48824(79.8%)	1	0	1	48824	2
2018-06-11-3782	pfama1.014	29	0.0509666	54162(88.9%)	2	0	0.753022	39970	2
2018-06-11-3782	pfama1.009	35	0.0615114	54162(88.9%)	2	1	0.246978	14192	2
2018-06-12-3787	pfama1.003	55	0.0966608	59639(87.8%)	1	0	1	59639	2
2018-06-12-3805	pfama1.001	72	0.126538	59465(89.2%)	1	0	1	59465	2
2018-06-12-3816	pfama1.000	90	0.158172	59953(82%)	1	0	1	59953	2
2018-06-13-3081	pfama1.001	72	0.126538	3867(94%)	1	0	1	3867	2
2018-06-13-3315	pfama1.015	22	0.0386643	41399(75.6%)	2	0	0.600366	25062	2
2018-06-13-3315	pfama1.007	37	0.0650264	41399(75.6%)	2	1	0.399634	16337	2
2018-06-13-3364	pfama1.017	20	0.0351494	63643(91.3%)	1	0	1	63643	2
2018-06-13-3467	pfama1.000	90	0.158172	35(85.4%)	1	0	1	35	1
2018-06-13-3506	pfama1.008	36	0.0632689	30871(85.9%)	4	0	0.974896	30096	1
2018-06-13-3506	pfama1.157	1	0.00175747	30871(85.9%)	4	1	0.00842214	260	1
2018-06-13-3506	pfama1.053	2	0.00351494	30871(85.9%)	4	2	0.00838975	259	1
2018-06-13-3506	pfama1.160	1	0.00175747	30871(85.9%)	4	3	0.00829257	256	1
2018-06-13-3510	pfama1.014	29	0.0509666	52255(78.8%)	2	0	0.738826	38428	2
2018-06-13-3510	pfama1.024	12	0.0210896	52255(78.8%)	2	1	0.261174	13827	2
2018-06-18-3164	pfama1.014	29	0.0509666	87144(94.1%)	2	0	0.56029	48506	2
2018-06-18-3164	pfama1.000	90	0.158172	87144(94.1%)	2	1	0.43971	38638	2
2018-06-19-3046	pfama1.003	55	0.0966608	41947(59.8%)	1	0	1	41947	2
2018-06-19-3285	pfama1.001	72	0.126538	81(100%)	2	0	0.82716	67	1
2018-06-19-3285	pfama1.002	70	0.123023	81(100%)	2	1	0.17284	14	1
2018-06-19-3393	pfama1.021	14	0.0246046	26352(86.8%)	2	0	0.992638	26158	1
2018-06-19-3393	pfama1.181	1	0.00175747	26352(86.8%)	2	1	0.00736187	194	1
2018-06-19-3527	pfama1.002	70	0.123023	34814(88.8%)	1	0	1	34814	1
2018-06-20-3555	pfama1.012	30	0.0527241	66157(76.8%)	2	0	0.81959	54105	2
2018-06-20-3555	pfama1.013	29	0.0509666	66157(76.8%)	2	1	0.18041	12052	2
2018-06-25-3541	pfama1.008	36	0.0632689	55588(84.6%)	1	0	1	55588	2
2018-06-25-3542	pfama1.026	12	0.0210896	47252(67.2%)	2	0	0.725037	34515	2
2018-06-25-3542	pfama1.011	30	0.0527241	47252(67.2%)	2	1	0.274963	12737	2
2018-06-25-3555	pfama1.012	30	0.0527241	62869(79.3%)	2	0	0.990659	62302	2
2018-06-25-3555	pfama1.145	1	0.00175747	62869(79.3%)	2	1	0.00934096	567	2
2018-06-25-3570	pfama1.000	90	0.158172	5385(98.6%)	1	0	1	5385	2
2018-06-25-3685	pfama1.005	49	0.086116	37712(97.7%)	1	0	1	37712	2
2018-06-26-3575	pfama1.000	90	0.158172	64316(85.2%)	2	0	0.993089	63870	2
2018-06-26-3575	pfama1.197	1	0.00175747	64316(85.2%)	2	1	0.00691082	446	2
2018-06-26-3579	pfama1.029	9	0.0158172	70605(92.3%)	1	0	1	70605	2
2018-06-26-3604	pfama1.002	70	0.123023	11223(82.6%)	12	0	0.247164	2783	2
2018-06-26-3604	pfama1.000	90	0.158172	11223(82.6%)	12	1	0.198765	2236	2
2018-06-26-3604	pfama1.031	9	0.0158172	11223(82.6%)	12	2	0.156425	1752	2
2018-06-26-3604	pfama1.014	29	0.0509666	11223(82.6%)	12	3	0.134361	1514	2
2018-06-26-3604	pfama1.020	15	0.026362	11223(82.6%)	12	4	0.0675478	753	2
2018-06-26-3604	pfama1.004	53	0.0931459	11223(82.6%)	12	5	0.0378499	419	2
2018-06-26-3604	pfama1.010	34	0.059754	11223(82.6%)	12	6	0.035504	395	2
2018-06-26-3604	pfama1.019	15	0.026362	11223(82.6%)	12	7	0.0352622	389	2
2018-06-26-3604	pfama1.008	36	0.0632689	11223(82.6%)	12	8	0.0270049	302	2
2018-06-26-3604	pfama1.001	72	0.126538	11223(82.6%)	12	9	0.0263957	300	2
2018-06-26-3604	pfama1.005	49	0.086116	11223(82.6%)	12	10	0.0213389	240	2
2018-06-26-3604	pfama1.037	5	0.00878735	11223(82.6%)	12	11	0.0123822	140	2
2018-06-26-3614	pfama1.002	70	0.123023	71456(88.8%)	2	0	0.917497	65581	2
2018-06-26-3614	pfama1.039	4	0.00702988	71456(88.8%)	2	1	0.0825033	5875	2
2018-06-26-3616	pfama1.002	70	0.123023	52768(87.6%)	1	0	1	52768	2
2018-06-26-3825	pfama1.000	90	0.158172	24629(97.9%)	1	0	1	24629	2
2018-06-27-3629	pfama1.005	49	0.086116	76219(88.1%)	2	0	0.99246	75649	2
2018-06-27-3629	pfama1.003	55	0.0966608	76219(88.1%)	2	1	0.00754001	570	2
2018-06-27-3630	pfama1.007	37	0.0650264	47356(86.7%)	4	0	0.980699	46442	1
2018-06-27-3630	pfama1.208	1	0.00175747	47356(86.7%)	4	1	0.00660951	313	1
2018-06-27-3630	pfama1.209	1	0.00175747	47356(86.7%)	4	2	0.00658839	312	1
2018-06-27-3630	pfama1.059	2	0.00351494	47356(86.7%)	4	3	0.00610271	289	1
2018-06-28-3642	pfama1.002	70	0.123023	54700(84.9%)	1	0	1	54700	2
2018-06-30-3046	pfama1.021	14	0.0246046	55208(98.9%)	1	0	1	55208	2
2018-07-02-3122	pfama1.005	49	0.086116	65734(79.8%)	3	0	0.667879	44727	2
2018-07-02-3122	pfama1.001	72	0.126538	65734(79.8%)	3	1	0.17978	11389	2
2018-07-02-3122	pfama1.023	13	0.0228471	65734(79.8%)	3	2	0.152341	9618	2
2018-07-02-3190	pfama1.001	72	0.126538	59544(83.9%)	1	0	1	59544	2
2018-07-02-3202	pfama1.025	12	0.0210896	63737(89.5%)	1	0	1	63737	2
2018-07-02-3205	pfama1.027	11	0.0193322	54622(83%)	2	0	0.888114	48701	2
2018-07-02-3205	pfama1.000	90	0.158172	54622(83%)	2	1	0.111886	5921	2
2018-07-02-3659	pfama1.013	29	0.0509666	80144(83.1%)	1	0	1	80144	2
2018-07-02-3825	pfama1.000	90	0.158172	68375(84.3%)	1	0	1	68375	2
2018-07-03-3672	pfama1.003	55	0.0966608	73084(90.7%)	1	0	1	73084	2
2018-07-03-3685	pfama1.005	49	0.086116	48921(81.1%)	2	0	0.993312	48595	2
2018-07-03-3685	pfama1.003	55	0.0966608	48921(81.1%)	2	1	0.00668772	326	2
2018-07-04-3708	pfama1.005	49	0.086116	68272(92.2%)	1	0	1	68272	2
2018-07-04-3713	pfama1.018	16	0.0281195	65938(87.7%)	2	0	0.994322	65563	2
2018-07-04-3713	pfama1.060	2	0.00351494	65938(87.7%)	2	1	0.00567829	375	2
2018-07-04-3714	pfama1.004	53	0.0931459	40741(73.6%)	2	0	0.594422	24250	2
2018-07-04-3714	pfama1.008	36	0.0632689	40741(73.6%)	2	1	0.405578	16491	2
2018-07-05-3720	pfama1.000	90	0.158172	50054(84.5%)	2	0	0.879777	43731	2
2018-07-05-3720	pfama1.001	72	0.126538	50054(84.5%)	2	1	0.120223	6323	2
2018-07-09-3746	pfama1.012	30	0.0527241	44076(70.7%)	2	0	0.777731	35854	2
2018-07-09-3746	pfama1.002	70	0.123023	44076(70.7%)	2	1	0.222269	8222	2
2018-07-09-3747	pfama1.001	72	0.126538	48657(83.3%)	1	0	1	48657	2
2018-07-09-3777	pfama1.011	30	0.0527241	46582(90.2%)	8	0	0.824245	38395	1
2018-07-09-3777	pfama1.070	1	0.00175747	46582(90.2%)	8	1	0.109785	5114	1
2018-07-09-3777	pfama1.097	1	0.00175747	46582(90.2%)	8	2	0.0231635	1079	1
2018-07-09-3777	pfama1.115	1	0.00175747	46582(90.2%)	8	3	0.0134172	625	1
2018-07-09-3777	pfama1.132	1	0.00175747	46582(90.2%)	8	4	0.0107338	500	1
2018-07-09-3777	pfama1.207	1	0.00175747	46582(90.2%)	8	5	0.006612	308	1
2018-07-09-3777	pfama1.216	1	0.00175747	46582(90.2%)	8	6	0.00633292	295	1
2018-07-09-3777	pfama1.243	1	0.00175747	46582(90.2%)	8	7	0.00571036	266	1
2018-07-10-3785	pfama1.033	7	0.0123023	47783(80.3%)	1	0	1	47783	2
2018-07-10-3787	pfama1.003	55	0.0966608	33470(89.5%)	4	0	0.979235	32775	1
2018-07-10-3787	pfama1.182	1	0.00175747	33470(89.5%)	4	1	0.00734987	246	1
2018-07-10-3787	pfama1.188	1	0.00175747	33470(89.5%)	4	2	0.00723036	242	1
2018-07-10-3787	pfama1.220	1	0.00175747	33470(89.5%)	4	3	0.00618464	207	1
2018-07-10-3816	pfama1.000	90	0.158172	55060(92.3%)	1	0	1	55060	2
2018-07-10-3818	pfama1.009	35	0.0615114	27583(87.1%)	5	0	0.962912	26560	1
2018-07-10-3818	pfama1.108	1	0.00175747	27583(87.1%)	5	1	0.0161694	446	1
2018-07-10-3818	pfama1.049	2	0.00351494	27583(87.1%)	5	2	0.00746837	206	1
2018-07-10-3818	pfama1.058	2	0.00351494	27583(87.1%)	5	3	0.00692455	191	1
2018-07-10-3818	pfama1.212	1	0.00175747	27583(87.1%)	5	4	0.00652576	180	1
2018-07-11-3081	pfama1.001	72	0.126538	34042(96.7%)	1	0	1	34042	2
2018-07-11-3093	pfama1.035	6	0.0105448	52465(85.9%)	1	0	1	52465	2
2018-07-11-3313	pfama1.030	9	0.0158172	38084(85.8%)	3	0	0.985479	37531	1
2018-07-11-3313	pfama1.156	1	0.00175747	38084(85.8%)	3	1	0.00845499	322	1
2018-07-11-3313	pfama1.226	1	0.00175747	38084(85.8%)	3	2	0.00606554	231	1
2018-07-11-3364	pfama1.017	20	0.0351494	9996(95.4%)	1	0	1	9996	2
2018-07-11-3510	pfama1.024	12	0.0210896	36329(64.1%)	2	0	0.547943	19948	2
2018-07-11-3510	pfama1.014	29	0.0509666	36329(64.1%)	2	1	0.452057	16381	2
2018-07-11-3805	pfama1.001	72	0.126538	41231(88.9%)	5	0	0.964274	39758	1
2018-07-11-3805	pfama1.130	1	0.00175747	41231(88.9%)	5	1	0.0108171	446	1
2018-07-11-3805	pfama1.042	4	0.00702988	41231(88.9%)	5	2	0.0100895	416	1
2018-07-11-3805	pfama1.054	2	0.00351494	41231(88.9%)	5	3	0.00785816	324	1
2018-07-11-3805	pfama1.193	1	0.00175747	41231(88.9%)	5	4	0.00696078	287	1
2018-07-11-3839	pfama1.001	72	0.126538	53452(94.3%)	1	0	1	53452	2
2018-07-15-3149	pfama1.003	55	0.0966608	40339(99.1%)	1	0	1	40339	2
2018-07-16-3164	pfama1.014	29	0.0509666	69322(91.7%)	2	0	0.766983	52955	2
2018-07-16-3164	pfama1.000	90	0.158172	69322(91.7%)	2	1	0.233017	16367	2
2018-07-17-3046	pfama1.021	14	0.0246046	39466(85.9%)	4	0	0.980388	38692	1
2018-07-17-3046	pfama1.199	1	0.00175747	39466(85.9%)	4	1	0.00684133	270	1
2018-07-17-3046	pfama1.213	1	0.00175747	39466(85.9%)	4	2	0.00651193	257	1
2018-07-17-3046	pfama1.218	1	0.00175747	39466(85.9%)	4	3	0.00625855	247	1
2018-07-18-3523	pfama1.004	53	0.0931459	62180(87.1%)	1	0	1	62180	2
2018-07-19-3441	pfama1.007	37	0.0650264	32417(73.6%)	3	0	0.420933	13615	2
2018-07-19-3441	pfama1.003	55	0.0966608	32417(73.6%)	3	1	0.397469	12899	2
2018-07-19-3441	pfama1.005	49	0.086116	32417(73.6%)	3	2	0.181598	5903	2
2018-07-19-3527	pfama1.002	70	0.123023	41386(90.1%)	4	0	0.977142	40440	1
2018-07-19-3527	pfama1.041	4	0.00702988	41386(90.1%)	4	1	0.00809452	335	1
2018-07-19-3527	pfama1.163	1	0.00175747	41386(90.1%)	4	2	0.00802204	332	1
2018-07-19-3527	pfama1.204	1	0.00175747	41386(90.1%)	4	3	0.00674141	279	1
2018-07-23-3541	pfama1.008	36	0.0632689	33374(89.3%)	3	0	0.985767	32899	1
2018-07-23-3541	pfama1.053	2	0.00351494	33374(89.3%)	3	1	0.00847965	283	1
2018-07-23-3541	pfama1.240	1	0.00175747	33374(89.3%)	3	2	0.00575298	192	1
2018-07-23-3542	pfama1.026	12	0.0210896	56307(86.9%)	1	0	1	56307	2
2018-07-24-3575	pfama1.000	90	0.158172	61305(94%)	1	0	1	61305	2
2018-07-24-3579	pfama1.029	9	0.0158172	59101(87.5%)	1	0	1	59101	2
2018-07-24-3580	pfama1.006	38	0.0667838	65702(86.3%)	1	0	1	65702	2
2018-07-24-3616	pfama1.002	70	0.123023	48711(82.9%)	1	0	1	48711	2
2018-07-25-3630	pfama1.062	1	0.00175747	112(91.8%)	1	0	1	112	1
2018-07-30-3122	pfama1.001	72	0.126538	44129(76.7%)	2	0	0.760232	33590	2
2018-07-30-3122	pfama1.005	49	0.086116	44129(76.7%)	2	1	0.239768	10539	2
2018-07-30-3149	pfama1.066	1	0.00175747	38074(90.4%)	5	0	0.505673	19253	1
2018-07-30-3149	pfama1.003	55	0.0966608	38074(90.4%)	5	1	0.460577	17536	1
2018-07-30-3149	pfama1.107	1	0.00175747	38074(90.4%)	5	2	0.0162053	617	1
2018-07-30-3149	pfama1.150	1	0.00175747	38074(90.4%)	5	3	0.00916636	349	1
2018-07-30-3149	pfama1.158	1	0.00175747	38074(90.4%)	5	4	0.00837842	319	1
2018-07-30-3202	pfama1.025	12	0.0210896	53243(87.8%)	4	0	0.972691	51789	1
2018-07-30-3202	pfama1.133	1	0.00175747	53243(87.8%)	4	1	0.0107244	571	1
2018-07-30-3202	pfama1.149	1	0.00175747	53243(87.8%)	4	2	0.00918431	489	1
2018-07-30-3202	pfama1.179	1	0.00175747	53243(87.8%)	4	3	0.00740003	394	1
2018-07-30-3205	pfama1.027	11	0.0193322	77732(86.8%)	1	0	1	77732	2
2018-07-30-3659	pfama1.013	29	0.0509666	61804(82.9%)	3	0	0.749718	46230	2
2018-07-30-3659	pfama1.016	22	0.0386643	61804(82.9%)	3	1	0.175721	11076	2
2018-07-30-3659	pfama1.023	13	0.0228471	61804(82.9%)	3	2	0.0745613	4498	2
2018-08-01-3713	pfama1.018	16	0.0281195	32543(87.2%)	3	0	0.97302	31665	1
2018-08-01-3713	pfama1.099	1	0.00175747	32543(87.2%)	3	1	0.0212334	691	1
2018-08-01-3713	pfama1.242	1	0.00175747	32543(87.2%)	3	2	0.00574624	187	1
2018-08-01-3714	pfama1.008	36	0.0632689	48612(83.6%)	2	0	0.6956	34491	2
2018-08-01-3714	pfama1.004	53	0.0931459	48612(83.6%)	2	1	0.3044	14121	2
2018-08-01-3720	pfama1.000	90	0.158172	64992(95.5%)	2	0	0.961279	62476	2
2018-08-01-3720	pfama1.001	72	0.126538	64992(95.5%)	2	1	0.0387211	2516	2
2018-08-01-3728	pfama1.004	53	0.0931459	58635(86.6%)	2	0	0.992921	58218	2
2018-08-01-3728	pfama1.046	3	0.00527241	58635(86.6%)	2	1	0.00707904	417	2
2018-08-06-3746	pfama1.002	70	0.123023	81200(88.6%)	2	0	0.993198	80646	2
2018-08-06-3746	pfama1.041	4	0.00702988	81200(88.6%)	2	1	0.00680241	554	2
2018-08-06-3766	pfama1.003	55	0.0966608	40212(69%)	2	0	0.511059	20632	2
2018-08-06-3766	pfama1.000	90	0.158172	40212(69%)	2	1	0.488941	19580	2
2018-08-07-3786	pfama1.004	53	0.0931459	53885(83.5%)	5	0	0.852976	45860	2
2018-08-07-3786	pfama1.005	49	0.086116	53885(83.5%)	5	1	0.0809728	4434	2
2018-08-07-3786	pfama1.022	13	0.0228471	53885(83.5%)	5	2	0.0522948	2850	2
2018-08-07-3786	pfama1.046	3	0.00527241	53885(83.5%)	5	3	0.00781208	421	2
2018-08-07-3786	pfama1.043	4	0.00702988	53885(83.5%)	5	4	0.00594482	320	2
2018-08-07-3787	pfama1.003	55	0.0966608	50426(87.1%)	1	0	1	50426	2
2018-08-07-3805	pfama1.001	72	0.126538	26156(87.5%)	5	0	0.948081	24798	1
2018-08-07-3805	pfama1.088	1	0.00175747	26156(87.5%)	5	1	0.0300887	787	1
2018-08-07-3805	pfama1.042	4	0.00702988	26156(87.5%)	5	2	0.00841107	220	1
2018-08-07-3805	pfama1.054	2	0.00351494	26156(87.5%)	5	3	0.00764643	200	1
2018-08-07-3805	pfama1.238	1	0.00175747	26156(87.5%)	5	4	0.00577305	151	1
2018-08-07-3816	pfama1.000	90	0.158172	62074(83.6%)	1	0	1	62074	2
2018-08-07-3818	pfama1.009	35	0.0615114	32711(88%)	5	0	0.9491	31046	1
2018-08-07-3818	pfama1.101	1	0.00175747	32711(88%)	5	1	0.0210021	687	1
2018-08-07-3818	pfama1.112	1	0.00175747	32711(88%)	5	2	0.014674	480	1
2018-08-07-3818	pfama1.169	1	0.00175747	32711(88%)	5	3	0.00776497	254	1
2018-08-07-3818	pfama1.178	1	0.00175747	32711(88%)	5	4	0.00745926	244	1
2018-08-08-3364	pfama1.017	20	0.0351494	54714(88.4%)	2	0	0.994389	54407	2
2018-08-08-3364	pfama1.246	1	0.00175747	54714(88.4%)	2	1	0.00561066	307	2
2018-08-08-3510	pfama1.014	29	0.0509666	34182(48.8%)	1	0	1	34182	2
2018-08-14-3285	pfama1.036	6	0.0105448	2153(94.8%)	4	0	0.723116	1541	2
2018-08-14-3285	pfama1.001	72	0.126538	2153(94.8%)	4	1	0.15761	459	2
2018-08-14-3285	pfama1.002	70	0.123023	2153(94.8%)	4	2	0.0846252	116	2
2018-08-14-3285	pfama1.008	36	0.0632689	2153(94.8%)	4	3	0.0346487	37	2
2018-08-14-3523	pfama1.004	53	0.0931459	68831(84.3%)	2	0	0.993493	68382	2
2018-08-14-3523	pfama1.043	4	0.00702988	68831(84.3%)	2	1	0.00650679	449	2
2018-08-14-3527	pfama1.002	70	0.123023	72289(86%)	2	0	0.993211	71798	2
2018-08-14-3527	pfama1.041	4	0.00702988	72289(86%)	2	1	0.00678854	491	2
2018-08-20-3429	pfama1.001	72	0.126538	61428(91%)	1	0	1	61428	2
2018-08-20-3542	pfama1.026	12	0.0210896	37779(60.8%)	2	0	0.993244	37511	2
2018-08-20-3542	pfama1.203	1	0.00175747	37779(60.8%)	2	1	0.00675572	268	2
2018-08-20-3547	pfama1.011	30	0.0527241	107(90.7%)	1	0	1	107	1
2018-08-20-3570	pfama1.000	90	0.158172	62374(97.7%)	1	0	1	62374	2
2018-08-21-3575	pfama1.000	90	0.158172	61090(86.9%)	1	0	1	61090	2
2018-08-21-3577	pfama1.000	90	0.158172	39048(90.7%)	2	0	0.993418	38791	1
2018-08-21-3577	pfama1.210	1	0.00175747	39048(90.7%)	2	1	0.00658164	257	1
2018-08-21-3614	pfama1.002	70	0.123023	54754(87.1%)	1	0	1	54754	2
2018-08-22-3629	pfama1.005	49	0.086116	59994(97.8%)	1	0	1	59994	2
2018-08-23-3081	pfama1.001	72	0.126538	7(100%)	1	0	1	7	1
2018-08-27-3122	pfama1.005	49	0.086116	30139(59.7%)	2	0	0.785231	23107	2
2018-08-27-3122	pfama1.001	72	0.126538	30139(59.7%)	2	1	0.214769	7032	2
2018-08-27-3202	pfama1.025	12	0.0210896	63455(86.9%)	1	0	1	63455	2
2018-08-27-3659	pfama1.013	29	0.0509666	67453(89.6%)	2	0	0.742839	51640	2
2018-08-27-3659	pfama1.023	13	0.0228471	67453(89.6%)	2	1	0.257161	15813	2
2018-08-28-3699	pfama1.044	3	0.00527241	16437(26.5%)	1	0	1	16437	2
2018-08-29-3713	pfama1.018	16	0.0281195	43985(87.9%)	3	0	0.985859	43363	1
2018-08-29-3713	pfama1.183	1	0.00175747	43985(87.9%)	3	1	0.00734341	323	1
2018-08-29-3713	pfama1.060	2	0.00351494	43985(87.9%)	3	2	0.00679777	299	1
2018-08-29-3714	pfama1.008	36	0.0632689	41596(70.8%)	1	0	1	41596	2
2018-08-29-3720	pfama1.000	90	0.158172	43682(66%)	1	0	1	43682	2
2018-08-29-3728	pfama1.004	53	0.0931459	68163(90.5%)	1	0	1	68163	2
ctrl-38x-7C1-10K	pfama1.011	30	0.0527241	25492(97.5%)	7	0	0.612012	15769	2
ctrl-38x-7C1-10K	pfama1.004	53	0.0931459	25492(97.5%)	7	1	0.0869445	2167	2
ctrl-38x-7C1-10K	pfama1.020	15	0.026362	25492(97.5%)	7	2	0.082808	2060	2
ctrl-38x-7C1-10K	pfama1.007	37	0.0650264	25492(97.5%)	7	3	0.0781982	1962	2
ctrl-38x-7C1-10K	pfama1.016	22	0.0386643	25492(97.5%)	7	4	0.0524936	1317	2
ctrl-38x-7C1-10K	pfama1.003	55	0.0966608	25492(97.5%)	7	5	0.048123	1229	2
ctrl-38x-7C1-10K	pfama1.034	7	0.0123023	25492(97.5%)	7	6	0.0394203	988	2
ctrl-38x-7C1-1K	pfama1.011	30	0.0527241	8693(94.5%)	7	0	0.446334	4258	2
ctrl-38x-7C1-1K	pfama1.016	22	0.0386643	8693(94.5%)	7	1	0.129467	809	2
ctrl-38x-7C1-1K	pfama1.020	15	0.026362	8693(94.5%)	7	2	0.120263	889	2
ctrl-38x-7C1-1K	pfama1.007	37	0.0650264	8693(94.5%)	7	3	0.0964812	800	2
ctrl-38x-7C1-1K	pfama1.004	53	0.0931459	8693(94.5%)	7	4	0.0870281	873	2
ctrl-38x-7C1-1K	pfama1.003	55	0.0966608	8693(94.5%)	7	5	0.0760138	651	2
ctrl-38x-7C1-1K	pfama1.034	7	0.0123023	8693(94.5%)	7	6	0.044413	413	2
ctrl-38x-7C3-10k	pfama1.011	30	0.0527241	21687(97.6%)	7	0	0.903594	19616	2
ctrl-38x-7C3-10k	pfama1.004	53	0.0931459	21687(97.6%)	7	1	0.0226824	490	2
ctrl-38x-7C3-10k	pfama1.007	37	0.0650264	21687(97.6%)	7	2	0.0214475	454	2
ctrl-38x-7C3-10k	pfama1.020	15	0.026362	21687(97.6%)	7	3	0.020537	443	2
ctrl-38x-7C3-10k	pfama1.003	55	0.0966608	21687(97.6%)	7	4	0.0112081	235	2
ctrl-38x-7C3-10k	pfama1.034	7	0.0123023	21687(97.6%)	7	5	0.0108492	239	2
ctrl-38x-7C3-10k	pfama1.016	22	0.0386643	21687(97.6%)	7	6	0.00968178	210	2
ctrl-38x-7C3-1k	pfama1.011	30	0.0527241	2178(92.9%)	5	0	0.897252	1963	2
ctrl-38x-7C3-1k	pfama1.020	15	0.026362	2178(92.9%)	5	1	0.0405152	82	2
ctrl-38x-7C3-1k	pfama1.004	53	0.0931459	2178(92.9%)	5	2	0.0335463	71	2
ctrl-38x-7C3-1k	pfama1.007	37	0.0650264	2178(92.9%)	5	3	0.0162172	37	2
ctrl-38x-7C3-1k	pfama1.016	22	0.0386643	2178(92.9%)	5	4	0.0124695	25	2
ctrl-38x-DS6-10k	pfama1.016	22	0.0386643	26219(98.1%)	2	0	0.984269	25807	2
ctrl-38x-DS6-10k	pfama1.007	37	0.0650264	26219(98.1%)	2	1	0.0157315	412	2
ctrl-38x-DS6-1k	pfama1.016	22	0.0386643	18364(95.9%)	2	0	0.987426	18144	2
ctrl-38x-DS6-1k	pfama1.007	37	0.0650264	18364(95.9%)	2	1	0.0125742	220	2
ctrl-38x-QS5-10k	pfama1.020	15	0.026362	42531(88.6%)	5	0	0.490954	20769	2
ctrl-38x-QS5-10k	pfama1.004	53	0.0931459	42531(88.6%)	5	1	0.290287	12458	2
ctrl-38x-QS5-10k	pfama1.016	22	0.0386643	42531(88.6%)	5	2	0.105617	4482	2
ctrl-38x-QS5-10k	pfama1.007	37	0.0650264	42531(88.6%)	5	3	0.0578183	2461	2
ctrl-38x-QS5-10k	pfama1.034	7	0.0123023	42531(88.6%)	5	4	0.0553241	2361	2
ctrl-38x-QS5-1k	pfama1.020	15	0.026362	3288(97.6%)	5	0	0.410993	1519	2
ctrl-38x-QS5-1k	pfama1.004	53	0.0931459	3288(97.6%)	5	1	0.311037	792	2
ctrl-38x-QS5-1k	pfama1.007	37	0.0650264	3288(97.6%)	5	2	0.127659	384	2
ctrl-38x-QS5-1k	pfama1.016	22	0.0386643	3288(97.6%)	5	3	0.0831699	332	2
ctrl-38x-QS5-1k	pfama1.034	7	0.0123023	3288(97.6%)	5	4	0.0671413	261	2
ctrl-48x-7C1-10	pfama1.011	30	0.0527241	52125(77.4%)	2	0	0.702671	36734	2
ctrl-48x-7C1-10	pfama1.007	37	0.0650264	52125(77.4%)	2	1	0.297329	15391	2
ctrl-48x-7C3-10	pfama1.011	30	0.0527241	44023(92.4%)	1	0	1	44023	2
ctrl-48x-DS6-10	pfama1.016	22	0.0386643	28257(93.5%)	5	0	0.971582	27454	1
ctrl-48x-DS6-10	pfama1.141	1	0.00175747	28257(93.5%)	5	1	0.00969671	274	1
ctrl-48x-DS6-10	pfama1.195	1	0.00175747	28257(93.5%)	5	2	0.00693633	196	1
ctrl-48x-DS6-10	pfama1.215	1	0.00175747	28257(93.5%)	5	3	0.00633471	179	1
ctrl-48x-DS6-10	pfama1.247	1	0.00175747	28257(93.5%)	5	4	0.00544998	154	1
ctrl-48x-QS5-10	pfama1.004	53	0.0931459	69491(85.3%)	4	0	0.400685	28417	2
ctrl-48x-QS5-10	pfama1.020	15	0.026362	69491(85.3%)	4	1	0.276611	19450	2
ctrl-48x-QS5-10	pfama1.016	22	0.0386643	69491(85.3%)	4	2	0.276312	18554	2
ctrl-48x-QS5-10	pfama1.034	7	0.0123023	69491(85.3%)	4	3	0.0463919	3070	2
ctrl-56x-7C1-10	pfama1.011	30	0.0527241	55631(60.7%)	1	0	1	55631	2
ctrl-56x-7C3-100	pfama1.011	30	0.0527241	34252(73.3%)	6	0	0.813544	27917	2
ctrl-56x-7C3-100	pfama1.007	37	0.0650264	34252(73.3%)	6	1	0.0769177	2582	2
ctrl-56x-7C3-100	pfama1.003	55	0.0966608	34252(73.3%)	6	2	0.0363125	1233	2
ctrl-56x-7C3-100	pfama1.004	53	0.0931459	34252(73.3%)	6	3	0.0333865	1147	2
ctrl-56x-7C3-100	pfama1.094	1	0.00175747	34252(73.3%)	6	4	0.0265893	912	2
ctrl-56x-7C3-100	pfama1.020	15	0.026362	34252(73.3%)	6	5	0.01325	461	2
ctrl-56x-DS6-10	pfama1.016	22	0.0386643	119027(86.6%)	1	0	1	119027	2
ctrl-56x-QS5-10	pfama1.020	15	0.026362	45188(64.6%)	5	0	0.496489	22950	2
ctrl-56x-QS5-10	pfama1.007	37	0.0650264	45188(64.6%)	5	1	0.214405	9319	2
ctrl-56x-QS5-10	pfama1.004	53	0.0931459	45188(64.6%)	5	2	0.146293	6722	2
ctrl-56x-QS5-10	pfama1.016	22	0.0386643	45188(64.6%)	5	3	0.121846	5285	2
ctrl-56x-QS5-10	pfama1.034	7	0.0123023	45188(64.6%)	5	4	0.0209675	912	2
neg-neg-48x-NC	pfama1.004	53	0.0931459	87(93.5%)	4	0	0.505747	44	1
neg-neg-48x-NC	pfama1.020	15	0.026362	87(93.5%)	4	1	0.252874	22	1
neg-neg-48x-NC	pfama1.016	22	0.0386643	87(93.5%)	4	2	0.195402	17	1
neg-neg-48x-NC	pfama1.080	1	0.00175747	87(93.5%)	4	3	0.045977	4	1
neg-neg-56x-NC	pfama1.064	1	0.00175747	103(94.5%)	2	0	0.951456	98	1
neg-neg-56x-NC	pfama1.077	1	0.00175747	103(94.5%)	2	1	0.0485437	5	1
